408
1003
966
2334
1135
749
1353
1571
390
1570
836
703
2112
1928
1483
2377
1482
963
2243
529
1395
2156
1706
82
1176
481
263
83
1260
1175
2069
1703
2371
3
2286
1040
704
86
2066
5
8
2150
2065
1614
1965
2282
1529
1084
480
1843
1710
1180
9
2292
1974
346
697
431
782
1537
1669
1754
918
1402
389
1534
257
1970
33
561
1665
788
304
1664
1531
1228
741
523
1882
742
657
1359
961
743
215
784
433
2423
216
785
349
1660
2119
1005
871
1574
2118
1488
1004
1137
409
1257
628
1256
1692
2018
932
2368
1691
184
1169
1917
1472
2149
270
1690
1253
1035
1915
624
842
975
2231
1829
625
976
1913
1250
1165
2011
2362
2144
1827
1382
142
1911
2276
806
71
1296
2142
144
2056
2189
1606
808
1294
230
1075
1160
801
802
1292
75
272
718
140
804
189
274
356
1877
2194
443
358
2060
795
1657
1742
1960
267
22
1741
353
2417
1654
1436
355
1568
1653
26
316
667
1301
1349
668
1784
2413
404
1213
1346
663
1345
228
1781
1126
28
883
751
666
2443
1112
2225
858
1026
943
1680
2441
727
1593
1241
1818
503
2267
2134
419
1069
1902
1021
505
638
1371
2047
1370
1152
154
372
2131
2264
1814
1151
2130
2396
1150
289
1065
241
2262
1064
157
375
460
1944
2394
1281
1810
1507
1195
1280
1856
1989
1941
1060
2051
368
453
54
2098
369
890
672
1998
2097
1950
2182
104
1731
1864
456
674
497
2407
1426
450
1643
233
56
148
100
1993
2319
2091
764
679
1773
329
2317
1554
1203
766
548
2316
13
634
1771
1685
1467
1552
1466
1248
543
2446
1465
459
1332
980
1379
1464
2431
518
869
1366
1233
2346
1498
1583
2259
293
1496
429
1807
2341
648
1058
733
2255
1805
1493
601
1056
735
2169
2035
2168
1188
2034
2385
1272
1054
2033
2384
916
1716
1186
253
471
254
2079
2297
825
162
1050
911
1845
912
1097
297
1977
1759
97
165
1855
2171
1720
88
1190
770
1416
468
1766
1899
1984
1850
47
159
2081
112
681
597
331
558
776
1676
1410
208
777
559
2438
1106
49
1105
864
1588
1322
118
469
1673
2217
1103
1018
337
1321
2434
423
205
1453
1234
642
993
17
18
19
138
134
1
8
6
101
53
96
112
48
107
86
125
122
34
