5759
0
24578
3
16387
16388
24580
8197
6
8198
24582
7
24583
16392
16395
12
8205
24590
16399
16
24592
18
16402
20
16407
16408
16411
24603
24605
16414
24606
32
35
8227
16419
24611
36
8228
24613
8231
24615
8232
16427
8236
24621
46
48
16432
24625
50
51
16435
52
8244
16436
24628
16437
16438
8250
16443
24635
16445
16449
8260
24644
24645
24646
8263
72
16456
24648
8265
75
8268
77
16464
24656
16465
16466
24658
16467
24659
16468
8278
87
8279
16472
8281
16473
24665
93
8285
94
8286
24670
95
16479
16481
24673
8290
24674
24677
16487
24679
105
16490
24682
24684
111
24688
8305
8307
24693
16503
120
16504
24696
24697
8316
24700
125
126
8319
16514
24706
24707
8324
133
135
16519
8329
24715
24717
24718
148
8340
24724
24725
150
8343
152
8344
16536
16538
24732
16541
158
8350
159
16544
24736
16547
164
24740
165
16552
24745
16555
24747
172
8364
16556
24749
16562
180
8374
8375
24759
8376
8377
24761
186
187
8380
8382
8384
16577
8386
24770
196
8389
198
8392
24776
16585
205
8399
16592
24784
8401
24785
8404
16596
215
216
16600
24792
218
16602
24795
221
8415
227
8419
16612
24804
16613
8422
24806
8423
8424
16617
24809
234
8427
16620
238
24814
239
24815
8432
16624
24820
8437
8443
24831
256
257
8450
8451
24836
261
264
24840
24841
8459
24843
8460
269
8461
16653
270
271
24847
273
16658
24850
24851
276
16661
8471
280
8474
8475
24859
16668
24860
16669
24864
289
24865
291
24867
16676
16678
24873
8491
8492
8493
16685
302
24878
303
8495
304
305
8498
8499
24883
24886
8504
24892
16701
24893
8510
16708
8517
16710
8520
330
24907
8525
16717
334
8529
341
8533
342
16730
24926
8543
24928
355
356
357
24933
358
8551
360
24937
8555
16747
365
8557
16749
16750
24943
369
16753
16756
16760
379
16763
382
8577
24961
8578
8580
16773
16774
24967
16776
24968
16777
394
8586
16778
16779
396
8588
16781
8590
399
24975
16784
16785
24977
24978
16787
8596
24980
24982
407
16793
410
24986
8603
16795
24987
8608
24993
418
419
16805
423
8615
16807
25000
427
431
8623
16815
432
16816
8626
25011
436
8629
16821
25014
25017
442
8634
16826
16827
444
8636
16829
25021
447
25023
25025
8642
8646
25030
456
16840
16841
459
8651
463
8656
25040
25041
25043
470
25046
16855
16856
16858
16860
477
25054
8671
16864
8677
8678
25064
8681
25066
16875
8684
16877
8686
16880
16881
25073
16883
25075
16885
8694
503
25081
8699
8701
16893
25085
8703
8705
16897
8706
8708
16900
517
8712
521
16907
25100
16909
16910
25102
16912
16916
25108
8726
8728
16920
25112
25115
8732
25118
8735
544
548
8742
16939
25132
8749
8750
16942
16946
564
8756
16948
565
16950
567
16951
568
25145
570
16954
8764
16956
25148
8766
575
578
8773
25163
590
8784
16976
8789
598
25174
16984
602
8794
25179
8796
25181
8799
613
25193
8810
25195
622
17007
624
8816
25201
628
8823
632
638
25216
17025
17029
17033
25226
8843
652
17036
25228
17038
25230
17039
8848
658
661
666
8858
25242
667
17051
668
8860
17052
8864
17056
25250
8867
17059
677
8869
678
17062
682
8874
8875
684
685
17069
17070
687
689
8881
17074
25266
694
25270
25272
8890
17082
8892
17084
17086
17091
17092
8902
17094
25287
8904
25290
17099
17100
719
17103
25296
8913
25298
723
8916
17110
8921
8922
17117
25309
734
25310
736
25313
17124
741
8933
17128
8940
17132
25324
751
25329
756
25333
25334
17144
761
8953
25338
8957
17149
766
8958
769
8962
774
25350
775
777
25354
780
8973
17165
17166
783
25359
17169
8981
8982
791
17182
25376
25377
802
8995
804
25380
805
17189
17193
9003
9004
9005
17199
17200
9010
25394
821
822
17209
25402
830
831
17215
832
9025
25409
9026
17218
25410
17219
836
837
9031
9033
17227
25419
9036
25422
25424
17233
25425
9042
851
9043
852
17236
9046
17238
855
17239
25431
17240
9049
17241
9050
859
9051
17243
25435
860
9052
17244
861
25437
9057
25441
866
867
17255
873
25449
9066
17259
878
25458
9076
25466
9083
892
9084
25468
25471
9088
17281
9090
9091
17283
901
9093
9095
905
9097
9098
25484
25485
914
17298
25492
917
25500
925
926
9118
17312
25504
929
25505
930
9124
25508
9125
17317
25509
935
9129
17321
17322
939
25516
942
9138
951
25527
952
9144
9146
17338
957
9150
959
961
9153
9156
25542
25545
970
17355
972
974
17360
977
17361
25553
17364
9173
25557
9176
17368
9177
25561
987
9182
25566
991
9184
25569
17381
25575
25576
1001
17390
25582
1009
1013
1014
17398
25590
1015
9207
9208
17400
9210
17402
1019
9212
25596
17405
9214
25598
1024
9216
25600
17409
1026
17410
1028
17415
25607
1033
9225
1035
25611
1037
17421
1041
17426
9235
9237
17430
9239
17431
9242
17434
25626
17435
25631
1056
1057
9249
17441
17445
25637
25641
1066
25642
1070
9262
17454
25646
1071
17455
1072
1073
1074
9266
25650
1075
1076
9271
25660
25661
9278
25663
1089
9281
17474
9284
25668
17479
25673
9290
17482
1099
17483
9292
17485
25679
9298
25682
25684
17494
17496
9305
25689
17498
9309
25694
1120
9312
25697
17510
25704
17513
1132
17517
25710
9327
25712
9329
9330
25714
1140
1142
9334
9336
1146
1147
25723
17532
17533
25725
17534
9344
17536
9345
25732
17541
1158
9350
1159
9351
9352
25736
9353
1164
9356
1165
9357
17552
1171
17555
25747
1172
25749
25752
17561
25753
9370
9371
17564
1181
25757
17566
1183
9376
9379
25763
17572
25764
9383
17577
25769
9386
17581
25773
1199
9391
9394
1203
17588
25781
1206
9398
25784
9401
25785
17594
9404
25790
25791
1217
17604
9413
1225
9417
17610
1228
25804
1229
25808
1233
17617
1234
25810
1235
9427
9428
9430
17622
17623
17624
1242
1243
17627
9436
1246
9439
1249
9441
9443
25828
9445
17640
25833
9451
17644
9455
1264
25840
9459
17651
1268
25845
25846
1273
9469
25853
17662
25854
1279
9472
1281
17665
25857
25858
9479
17671
17672
25865
17677
17680
25872
25873
17683
25875
1300
17686
25878
17687
1305
17694
25886
25889
1314
1315
9507
17704
1321
9513
9514
25898
17707
9516
17708
9517
1329
17713
9522
17715
9524
17716
1335
25911
17720
25912
1337
1338
9531
1341
17725
25917
9534
17729
25921
9538
25922
17731
1348
25924
9542
17737
9547
9550
25934
25937
1362
9555
17749
25942
1367
17753
17754
9567
17762
17763
1380
17765
25961
1386
9579
17772
25964
9584
25968
9585
1394
9587
17782
25976
17785
9595
17788
1407
17791
1410
9602
17794
25986
17795
9608
17801
25994
17803
25997
25998
1423
26000
1425
26001
9619
26003
9621
26005
26006
17815
9624
17817
1434
17818
17821
9631
1440
9634
9635
17827
17829
1448
1450
17834
1455
1456
17842
1459
17843
17844
9655
26039
26041
26043
26046
17855
1472
9666
17860
26052
17864
1483
26059
1485
1487
26065
26066
1492
9684
17876
26070
9688
1497
1500
1501
17887
17888
9699
1509
17894
17895
17896
1514
17899
1516
26092
1518
1519
17903
26095
17905
9714
1523
9717
1526
26102
9719
17911
26106
17916
26108
26109
17920
26114
1540
17925
26117
9735
9737
17929
26122
17932
9742
17934
17935
1552
26129
9746
1555
17943
17944
17945
17946
9755
26139
17950
9759
1568
17952
9761
17954
1572
1576
9769
17961
17964
26156
1581
9774
9776
26161
17970
26163
1589
9782
9783
9787
17979
1597
1598
1599
1601
9793
17985
1602
17987
26182
17992
17993
26187
26189
26190
1617
9812
9813
18005
26197
18006
26200
9817
1626
26203
1628
26205
9822
26207
1632
9825
18018
26210
9828
18020
26213
1638
18022
26215
18024
1641
9833
26218
1644
18028
1647
18031
26223
1648
9840
1649
9842
26226
1653
18038
18041
26233
1659
1660
18047
26239
1665
9857
9858
26242
9862
26246
9863
26247
1672
18057
9866
18058
9867
18059
26251
1676
18062
18063
26259
9876
18068
26262
1693
26270
1695
18080
26272
18081
9890
18082
9891
26275
9893
18085
9894
1704
9896
1705
9897
9898
1707
1711
1712
18096
1713
18097
9907
9908
18100
9910
18102
1721
9913
18108
1725
18110
9921
18116
26308
9926
26311
1738
1739
1740
26316
1742
26318
1746
18130
1749
9941
1750
9942
26326
18136
26329
18138
26330
1757
1758
18143
26336
26338
26339
18148
26340
18149
18150
26343
1769
9961
26345
26347
1772
26348
9965
9966
18159
1776
18161
9970
18163
26356
18168
26361
9978
9979
1788
9980
18172
26368
1793
18178
9987
26373
18182
26374
1799
9991
1800
18184
9994
9996
9997
18189
1806
18190
1807
10001
18194
1811
18195
18196
18199
26392
1817
1819
1820
10012
18204
10013
18205
26398
18207
26400
1827
26404
18213
26406
18216
26409
26410
10027
18219
10028
26413
1839
10031
26418
10036
26421
18230
1848
18232
26426
1853
1854
1858
18242
1859
10051
26436
26438
18248
10057
1866
18250
26442
1867
1868
1869
10061
18253
26446
10064
10065
18257
10066
10067
18259
26451
18260
26454
10071
26455
10072
18264
26456
10076
10077
26461
10078
1890
26466
26468
26470
18279
18280
26472
18281
10090
26474
1899
26477
18287
10096
26480
1905
18289
26481
18293
18295
1912
10104
18296
10105
10107
18300
1918
18303
26495
26498
10118
26503
1929
26506
1932
10124
10127
18319
1936
1937
10129
26513
1938
18322
10132
26516
1941
1942
1945
10138
10141
18333
18334
26526
1952
18336
26528
10149
18342
1959
18343
10155
1964
10156
1965
18350
1967
18353
26545
10165
26549
18359
26553
1979
10171
10172
26556
26557
10176
18368
26560
1993
10187
10188
26574
18383
18384
26577
26578
26579
10198
26583
2008
18393
26585
26586
26589
26590
2015
10208
2019
26597
2023
10215
10216
26600
10218
2028
18412
2029
26605
2030
2031
18415
18416
26608
18418
26610
2035
2036
10228
18420
26612
2037
18421
2040
10232
10233
26620
10237
10238
18430
26622
2047
10242
18434
18435
26627
2054
18438
2055
10248
18440
10249
2060
10252
2061
18446
10255
26641
10259
26647
2072
18457
10270
18462
26657
26658
26659
2084
2085
26661
10278
2088
18473
26665
2090
2092
18476
2095
2096
26672
2097
10289
18482
10291
2100
10293
10296
2105
26682
2107
18491
26683
10301
18493
10302
10304
26690
10308
2117
18502
18503
2120
10313
2122
2123
18508
26700
26701
18510
18511
2130
26706
2132
10324
2134
2136
26712
18524
26716
26717
2142
18527
2144
10337
18530
18531
2150
2153
18537
18538
10347
10350
26734
10351
18545
26738
10356
18548
2165
10357
2167
10360
18552
26748
2173
26753
18563
18565
26757
2183
2185
10377
18569
2186
18570
18571
2191
18578
10387
18579
10389
26774
2199
10392
26776
18587
26779
26781
2206
10399
18591
26784
26785
26789
10406
26790
2216
18600
2217
10409
10411
2220
26796
18607
10418
10419
2233
26812
26815
18624
10433
26818
2243
18627
2245
18629
2246
26822
10440
18636
26829
10448
18640
26832
18643
2261
2263
2267
18651
18652
2269
26846
10463
18655
2272
26850
10469
2278
2281
26857
2283
18667
2284
26861
18670
26863
2288
10480
26865
2290
26869
10488
2298
26875
26876
18685
2302
2304
18688
26881
18690
10501
10503
2313
10505
18697
10509
18704
10513
10515
2324
18708
26902
18711
26903
18712
10522
10523
2333
26911
10528
18722
26914
10532
2342
2343
18727
26920
2347
18732
10541
10542
2352
2353
26931
2357
10549
18742
2359
18743
2360
26936
18745
2362
26938
18747
26941
26942
26944
18753
26945
18754
2371
18756
26948
18759
18760
2380
2382
18766
26958
2383
10576
2385
10578
18771
10580
18773
26967
2392
2393
18777
10586
2396
10589
10590
2399
18783
18784
2401
26979
18788
10597
18790
2408
2410
10603
10605
18797
26989
10606
18798
2420
10613
18805
10615
2425
27004
2430
10623
2432
10628
27012
18822
27014
18827
27020
27021
2446
18830
27022
27023
10640
27024
18833
27033
2458
27034
2459
18843
10652
27037
2464
10657
2467
27043
10667
2476
18860
18861
10670
10672
18865
2482
27058
27059
18870
18871
2489
27066
2491
18875
2492
10684
18876
27068
2494
10686
27070
2496
18880
2498
2499
10691
18884
2501
10696
27081
10698
10699
27083
10700
10701
18893
2510
18894
2512
18897
2514
10706
10707
18899
2516
18900
2517
10709
18902
27094
2519
27095
2521
10713
2523
2524
10716
18909
18910
18912
27104
10721
27106
18916
2535
10727
2536
18920
10735
18927
10736
18928
18929
27121
10738
18930
27122
18932
2550
18937
18938
2555
2556
10748
10750
18944
27137
2564
10756
2568
18952
27144
27149
10766
2576
18962
2579
27155
10772
18964
2583
10775
27159
18968
27160
2585
10777
18969
2588
10780
18973
2590
18975
27167
10784
18976
2594
2595
2596
10788
27172
18981
27173
18982
27174
2599
18985
2602
27179
10796
10797
10800
2609
27187
2612
2613
2618
10810
19004
2621
10813
10815
10817
27201
27202
10823
10824
2636
19023
27217
10836
19029
10840
2649
10841
10844
10845
10846
2655
2656
10849
2659
19045
27238
19047
27240
19049
10858
10861
27245
19054
19055
10864
27249
2675
19059
2676
10871
2681
10873
2682
10874
2685
2687
19071
27263
2688
10880
27268
19081
10890
10891
27275
10892
10893
2702
10896
19088
2705
10897
27281
27282
27283
19092
2709
10901
2710
27286
10903
27287
10905
19097
2717
2718
19102
2719
27295
10912
27297
2722
10914
10915
27299
10917
27301
10920
27304
27307
10924
2733
10926
10928
27312
10929
10930
2740
2742
27319
2744
2745
27323
27324
2750
2752
19137
19138
2755
27331
19141
27335
10952
19144
27336
10953
19148
19152
27344
2769
10961
2770
10962
19154
2771
10964
19156
19162
27354
19163
19165
27357
27358
27361
2786
10978
19170
10980
27364
2791
19175
2792
10984
27368
2793
19177
27369
10987
27372
27373
27375
27376
10993
27377
19187
27381
19190
19191
19192
11002
27386
11003
19197
2814
2815
19200
27394
19203
19207
11016
11017
27401
19210
27402
11022
2835
2836
11029
11030
2839
11031
27415
2840
19225
27417
2843
19228
27420
19231
11040
19232
19233
27425
11042
2851
27428
19237
11046
19239
19245
19247
11057
27441
27442
11061
27446
2871
19255
27447
19256
2873
19257
11066
19258
27450
2875
2877
2880
11072
27456
11073
19266
27458
11076
27461
27462
11079
19272
27464
19273
2894
19278
27470
19279
27474
2900
19284
19285
11095
2904
19288
2905
19289
19293
2912
19297
27489
2914
27490
11107
27491
27492
19302
27498
11115
27499
27501
2926
27503
27504
2929
2930
27508
2934
27510
2935
19323
2940
11133
11134
27518
11135
11137
27522
11140
19332
11143
19335
11144
11145
2954
11149
19341
27533
2958
11151
19343
27535
2960
11152
2961
19347
19351
27543
19353
27545
2970
19354
11163
19355
2978
27554
27555
11174
11177
19369
27561
2986
27562
19373
11182
27567
11184
11185
2995
11187
19380
27572
19381
11190
27577
3002
27579
3004
19388
19389
19390
27583
11200
27587
19396
11205
3016
3017
3018
11210
19402
27594
3019
3022
19406
27598
27602
19411
3028
11220
27604
27605
11223
27609
27610
3039
27617
3042
3043
27619
11237
19429
3047
11240
3050
19437
27630
11247
19439
19444
11254
11255
11256
3065
19449
27641
19450
27642
19454
27647
3075
11267
19465
19469
3087
19471
27664
3091
27667
19476
19477
19478
11287
11288
27672
11289
19481
3098
27674
27675
11293
19486
19487
27679
19489
27681
3106
19491
19492
11302
3112
11304
19496
3113
19499
3116
19500
27694
3119
3121
19506
27699
3124
27700
11317
27701
3126
19510
3127
19511
3128
3130
11323
11325
3135
11327
19519
11328
27712
11329
19523
11332
19525
11334
27721
11338
27722
3148
27724
27726
11345
27731
27732
3157
27733
11351
27735
3160
11353
27737
3163
19548
11357
3168
11360
27744
19553
3171
19555
27747
27748
3174
27750
3175
19559
19561
19563
19566
27758
27760
3185
11379
27763
11381
19573
27766
27767
3193
19577
11388
27776
3204
19588
3206
27782
11399
19592
19593
27786
19596
3213
27789
3214
19598
3215
11407
19599
11409
3218
11410
3219
19603
27797
11414
19607
27799
19608
27803
11424
11426
19620
27812
3238
19623
3240
27817
3244
11436
11437
27822
3247
27826
19635
27829
19640
27832
19642
3259
11453
11455
11458
27845
3270
27847
3272
11465
19658
27852
11469
3280
11472
11475
27860
11479
3288
11480
3289
11483
3294
19679
3296
27872
19681
19682
27874
27875
19685
11494
11496
11498
11499
19692
11501
19693
27885
11502
3313
19698
27890
3322
19707
3327
11520
11521
3331
27907
3332
11525
19723
11533
19725
19726
3344
11537
19729
19730
19732
3349
27925
3352
11544
19737
19739
3356
19740
19745
3362
27938
19747
19749
11559
19752
27944
11562
27946
11563
3372
11564
3374
19762
11571
27956
27958
11575
27959
3384
19772
11581
27967
3392
27970
3395
27972
3402
11597
27982
27983
3408
3409
11602
27986
19796
27988
19797
27990
11611
11614
11615
28000
28002
19813
28005
3431
11623
11624
19816
28008
11625
19817
11626
19818
28010
28011
3436
19822
11631
3440
11632
3441
11634
3443
28020
19829
19830
28022
28024
28025
3450
3452
28028
3454
11646
19838
11647
11648
19841
11650
19842
3459
28036
28037
3462
28039
19848
11657
19849
3466
28042
28043
3468
3469
19854
3472
19856
3474
11666
19858
28050
11667
19859
3477
11669
19864
19866
11677
3486
11678
28063
19873
28065
11684
19877
19878
28071
11688
28072
28079
11697
28081
28083
11700
3512
11705
19898
19899
3518
11712
3521
19905
3524
19908
3525
11717
19909
28101
19910
3527
19911
11720
19912
3530
3531
19916
11725
28112
3540
19925
28118
11735
19927
19931
3553
19937
19938
28130
11752
19944
28136
3561
28137
11758
19950
11759
11762
11763
28148
3574
28150
28153
3580
3581
28157
3582
11777
19972
28165
19977
11786
11788
19980
3597
28175
3600
19984
19985
3603
19988
28180
11797
19991
11801
11803
11804
28188
19997
3615
11807
20000
11809
11812
20004
20007
28200
3625
28204
3629
20013
11822
20015
20016
28208
11825
11828
20020
28213
11830
28214
11831
20023
3641
11833
3642
11834
28218
3646
20030
28223
11840
20036
11846
20039
28232
20041
11850
3660
28238
3663
20047
20048
28240
20050
28242
11861
20056
3673
11867
3676
20061
3678
20064
11873
20066
28259
3684
20074
20077
3696
20083
11894
11895
20087
20089
3707
3709
11901
20093
11904
20096
11909
11915
3724
11916
3725
20111
3728
11922
20114
20115
3732
3733
3734
11928
11931
20123
11932
20128
3745
20130
3748
20132
3751
11945
11948
3758
11950
11954
20146
20147
3765
3766
11959
11964
3773
3774
20158
3775
11968
20160
3777
20168
11978
11979
20172
20173
3791
11987
11989
20181
11990
20183
3800
3801
11993
11994
20186
3807
11999
20196
12005
3816
12008
12011
12013
3823
12015
3826
20210
20211
20212
12021
12027
20219
20220
20221
3838
3839
20231
20235
12044
3856
12049
20241
12051
3860
20244
12053
12055
3864
20248
3865
20251
12063
12066
12067
20259
20260
20263
3881
3883
20270
20274
12084
20276
3893
12086
3895
20279
12095
3905
12097
12098
3907
20293
12102
3912
3913
20297
3916
12108
20300
3917
12109
20301
20303
3920
12113
12115
12117
3926
20310
12122
20314
12124
20317
12127
3937
3939
20323
3941
3943
12135
3944
20328
3945
12137
20329
12138
3947
12141
12142
20335
20336
20337
3954
3955
12148
20340
12151
12153
20347
12157
20349
3970
3972
12164
20356
12167
3976
20360
20362
3981
12173
3982
20366
3983
3986
3989
12181
12182
12184
20376
12186
3998
20382
20383
4000
4005
20389
4006
20391
4008
20394
4014
20398
20400
4021
12214
4023
20409
4026
12220
4029
12221
20413
4030
4031
12226
20418
4037
20421
4038
4039
12231
4040
4043
4046
20431
12240
20432
4049
12241
20433
12245
12246
20440
4058
12250
20449
20450
4068
12260
4070
4071
12264
4073
4075
12269
20462
4080
12274
4085
12279
12281
20473
12282
12283
12285
12287
20480
12289
12294
12296
20488
4105
20490
12301
20497
12306
20501
4118
12310
4122
20509
4126
20513
4135
20521
4139
20523
20524
4146
4148
4150
20535
12346
20538
4155
12347
20540
20541
20542
20544
4161
20545
4165
4166
12358
12361
20553
4170
4171
4174
12366
20558
12367
20559
20560
12369
20561
4178
4179
20563
20565
20566
20569
4186
12378
20570
20571
12385
4194
4197
12389
12390
4201
20585
4202
4206
4207
12402
12404
4213
12407
4217
12410
12411
4220
4223
12415
12416
20610
4227
4229
12422
4231
12423
20615
4234
12428
20622
4239
20623
12435
20630
4247
20631
4248
12441
20634
4253
20638
4255
12447
12450
20646
20648
4266
4271
4273
20659
12469
20662
4280
12472
4284
20668
12477
12479
12481
20673
20675
20676
4293
4295
4296
12488
12489
20683
4300
4302
12494
4303
12497
4308
20693
12505
12506
12509
4318
12510
20705
4322
12514
20706
20708
4326
12518
12519
4328
20712
12522
20716
12528
20720
12530
4340
12534
4343
12535
4345
12537
20730
12541
4351
12543
20735
12544
20736
4360
20747
12556
12558
12559
4370
12563
20757
12566
20758
4375
4377
4378
4387
4388
4389
12581
20773
12583
20775
4392
20777
20779
12590
4400
20784
12593
12597
20789
4407
12599
12600
4409
4411
4412
12604
20796
20797
4416
12610
4419
12612
12615
20807
4425
12618
20810
4427
4432
4434
12626
12627
4436
4439
12631
12633
4442
20828
20832
20834
4452
20836
20837
20844
12655
20847
4464
4466
4467
4468
4469
12662
4471
4472
12664
20857
12666
20858
4478
4479
20863
20864
12673
4484
20869
4495
4503
12697
4507
12699
20892
4514
12707
4516
12720
4531
20916
12729
20923
4542
20927
12739
12740
20932
4550
20936
20939
4558
12751
4560
12753
20946
4563
12755
20948
20950
4567
12759
20955
4572
20956
12765
12767
20961
12770
20962
4580
20966
4583
4589
12782
12783
20977
12786
12787
4596
4597
20982
4599
12791
4601
12793
20991
20995
20997
21000
12810
4622
12815
4626
12819
4629
12822
12823
21015
12824
12826
21018
12828
21020
4637
4639
12832
21024
21029
12838
4649
4650
12842
4651
12843
21035
4652
4653
4654
21039
4656
4659
4660
12854
12858
12860
12863
21055
4672
12865
21057
4682
21066
21067
12876
4686
21071
12881
21075
4692
12884
21076
21078
4696
21082
4699
12891
21086
12895
12897
4707
4711
21095
21097
4714
21098
4715
4718
21103
4723
21107
4724
21111
4729
12921
4731
21115
4732
12924
4733
12925
12927
4736
4739
12935
21128
12938
4748
21132
4749
12941
4751
21135
12946
21142
12952
21144
12953
4763
12955
21149
12959
12961
4771
4772
4774
4776
4779
4783
4785
12979
4788
21172
21173
21177
4794
4796
4801
12996
21189
4809
13003
4812
21196
4817
13009
21201
13016
13018
21210
21212
21213
21214
13023
21215
4832
13027
21219
13028
21220
4838
13034
21226
4843
13035
4844
21231
4851
4852
4853
21237
4854
13046
4856
13048
21241
21242
4859
13051
21246
4864
4865
21249
13060
21252
13061
4870
4871
4873
21257
21259
4876
4877
21261
4878
21263
4881
13073
21266
13076
4886
13078
21270
4887
4890
21274
13083
4892
13084
4893
4895
4896
4897
4898
13091
21288
21289
13103
13104
13107
4917
21302
4922
13115
4925
13118
21310
13119
4928
13121
13122
21315
4934
4938
21324
13134
13136
21328
13137
4946
13138
4947
4949
13142
21336
4953
21337
13146
21341
21342
4960
13154
4967
21352
4970
21355
13166
4975
4977
13169
21363
21364
21365
4982
13175
4985
13177
21369
4987
13179
4991
13185
4996
21381
13190
13191
21383
21384
13193
5004
21388
5006
13198
21391
13201
5011
5016
13212
13213
21405
5023
5024
13223
21416
21417
5034
21418
13232
5041
13234
5047
13240
21433
13242
21434
5051
21438
5058
13255
13257
21450
13259
5069
13263
21457
5075
21459
21460
21465
5082
5087
21471
5089
13281
21473
13286
13292
21484
13293
21485
21486
21490
13299
21496
5113
13305
21497
5114
13306
5117
5119
5120
21505
21506
5123
13319
21513
13324
13326
5137
13329
21523
5140
13332
13334
13336
13337
21530
5148
5150
13342
5151
21538
5156
21544
5161
5162
13355
5165
21550
13361
21554
21555
5173
5174
21559
21560
13369
5178
5179
21563
5181
13378
5188
5189
21574
5193
5194
5196
21580
5199
5204
21589
5206
5207
13400
13402
21594
13403
13407
13410
13411
5220
21604
5224
13418
5229
5230
13422
13423
13426
21618
13428
13429
13430
13431
5241
21625
21626
5243
21629
13438
5248
13440
21634
5251
5254
21638
5255
21639
13449
13451
5261
5262
21647
13456
5265
21649
13459
5269
13462
21654
5271
5272
5275
21659
13470
21663
13475
13476
5289
5290
21678
13487
5296
5297
13490
5299
21683
5302
21687
13498
13499
21692
5309
21699
21701
13510
21702
13512
21704
5323
21707
21709
13518
21710
13523
21716
13526
21718
13527
21722
5341
21726
13535
21729
13539
5350
5351
5353
5355
5356
13548
21740
5358
13551
21746
5363
5366
13559
13561
13564
13569
21761
21763
5380
13573
5383
13575
5389
13583
5392
13584
13586
5396
13589
21781
5398
13590
5399
5401
13593
13594
21786
13596
13601
21794
5411
21799
21801
5418
21802
13611
21805
5424
13618
21810
5427
21811
5428
21812
5430
5431
21817
21820
13629
13630
21823
13632
21824
21825
13634
21829
5447
21831
13640
5453
21838
5457
13653
21845
5464
21848
5468
5471
13663
13665
13667
13669
21861
21862
5480
5481
13673
21866
13675
5486
21870
21872
21874
5492
13686
21879
5496
21885
5502
21886
13695
21887
5504
5506
13698
5507
21893
5510
13703
5513
13706
13707
5517
5518
5522
13714
13715
13717
13722
5532
13724
13726
21919
5536
13728
21921
5538
21922
5539
13733
21925
5542
13735
21929
13738
13742
5551
13745
13746
21938
13752
21946
5565
5566
21950
21951
21957
21958
5576
5577
13770
21963
5580
13774
21970
21973
21975
21977
21980
21984
5602
13797
21991
13800
13801
5613
13808
22001
22002
5619
13812
22004
22006
5627
5628
22013
13822
13824
13826
5636
22020
22023
13832
22024
5644
5645
5647
5648
13840
13843
22035
5656
5660
5661
5662
13854
22047
13857
5669
13863
22055
22056
13868
13869
5678
13874
22068
5687
22071
13880
13882
22074
5691
22080
5698
13890
22082
13891
5700
22084
13896
5705
22089
5713
13905
5717
13909
5719
5720
13913
22105
22107
5724
5725
5726
5727
13920
22112
5729
13924
13926
5735
22119
22122
22123
13934
13935
5745
22129
5746
22131
13940
5749
5751
13943
5757
13949
13950
22142
5760
13957
5766
13960
13961
13962
5775
13969
13970
22165
5782
13975
5784
13976
13977
5787
5789
22173
5791
22175
13985
5794
13986
13987
5796
13988
5798
22183
5800
13993
22186
22191
14006
5817
22202
5819
5822
22206
14015
14016
5825
14017
22209
22210
14019
5830
14022
5831
14024
5834
22221
22222
22223
22225
5843
14036
5849
22233
22236
14045
5858
14050
14053
14063
22255
14064
22256
5875
14067
14069
22261
5882
14074
22266
5885
14080
5889
5891
22276
14086
14088
22281
22284
22287
14097
5911
22296
5913
22297
14106
5916
5919
14111
22306
5925
14119
22311
14120
5930
14125
5936
22321
5938
5939
5941
14133
5943
14135
5944
22330
14139
14145
5958
22344
22349
5966
5968
14160
14164
22356
5973
22359
5977
5979
14175
22370
14179
5988
22373
5990
5991
22376
14185
14187
14189
5998
14190
14191
22383
6000
14192
6002
6003
22390
14203
6012
14204
14205
14206
6019
6022
14214
22408
22411
22412
14223
6033
6034
6036
14229
22422
6040
14233
22427
14236
22428
6045
6048
22432
6050
22434
14246
22439
22440
22441
14251
6060
6062
22446
14259
22451
6069
6071
6072
22456
6073
14265
6075
22459
22460
6077
22465
14274
6083
14277
6091
14285
22478
14287
14289
22482
14292
6102
22487
6107
14303
6113
14305
22497
14306
6115
14309
14310
22503
14312
22504
6123
14315
14318
6127
14319
22512
14323
6132
6133
6134
22518
14329
6139
14331
14332
14334
6143
6144
6145
14339
6149
22542
22544
14353
22546
6163
6165
14357
14359
6168
6169
14364
22556
14366
6175
14371
22563
6180
14372
14373
22565
22570
14379
14380
22572
14381
14382
22574
6191
14384
22576
14387
14391
22583
14392
22585
14394
22586
22588
14397
22589
6206
14398
22590
6208
14400
22592
14406
22598
14409
22601
14411
6221
6223
22607
14416
6225
6227
6228
6229
14421
14422
22617
22619
6236
22621
6241
22625
6246
6247
6250
14443
6253
22638
6255
22639
22641
14450
14451
6260
22644
14455
14456
6266
22650
6268
6271
22655
6273
6279
14478
6288
6291
14483
14484
14487
14491
22683
22685
14494
14498
22690
6308
14507
14512
6322
6323
14519
6328
22713
6330
22714
14524
22718
22722
14531
22725
14534
22730
6348
14540
14542
6352
6355
22739
14549
6359
22743
14552
14553
6362
6363
14558
6367
14560
6371
6372
22756
14566
6375
14567
14574
14576
14577
14578
22774
6391
14583
14584
14585
22777
22782
14591
22785
14596
22789
6407
14603
22796
6416
6419
14611
14613
22806
14617
22809
6426
22810
6427
6431
22815
22817
6434
6435
22819
6436
22820
6438
14630
22822
6439
6440
14632
6441
22825
14639
22831
6448
14640
14642
14643
6453
14645
22839
22841
14650
6462
22851
22852
6470
14662
22854
22855
6472
6475
14668
22860
14669
14672
14673
22865
6483
14680
6491
14683
22876
14685
22877
14687
14688
14689
22882
22885
14696
6509
22896
6513
14706
6515
22899
22901
22902
14712
6521
22905
6523
22908
6525
22912
6529
14721
22920
14730
14732
6544
22931
22933
6551
14745
6557
6558
14750
22943
22945
14754
6564
6565
14757
6566
22953
14763
14765
22957
14766
6576
14768
14772
14775
22967
6586
14782
14787
6601
14793
14795
14798
6609
6611
6612
14804
6613
22997
6616
6617
23001
14810
6628
14820
6630
23016
14825
23017
14826
23019
23020
23022
14837
23029
14838
23030
6652
14844
23036
6654
14846
23038
23040
14849
14850
6661
14853
14854
6665
23049
6666
14859
23052
14861
6672
6673
14866
6677
23064
6682
14874
23067
6684
14876
6688
23073
6692
14886
6695
6697
23081
14890
6699
23085
6702
14897
23090
14899
14900
14901
14902
14907
23101
23102
14911
6722
6724
6725
14917
14919
14920
14922
14925
14927
23120
23121
23122
14931
6741
23130
14939
23131
6748
23135
14944
23136
23138
6755
14947
14949
6759
14951
23143
23147
6764
14958
14960
23152
23154
14964
14965
23157
23160
14969
6778
14971
23167
6784
14976
6785
23170
6790
23174
14985
14990
14995
23189
14999
23191
15001
6810
6811
15003
15004
23196
6815
23199
6816
6818
15010
23202
15011
15013
15014
6823
15015
23207
6827
15019
23211
6828
23213
6830
15026
6837
23224
6844
23228
15037
23230
15040
23233
6852
6854
23239
6859
23248
15060
15061
6872
6873
23259
15068
6877
15070
23262
15072
6881
6884
23268
23269
6889
6896
15089
6898
15092
23284
6901
23287
6909
23293
6913
6914
23298
15107
23300
15109
23302
6919
23308
6925
15121
15122
6935
23320
15132
15133
23325
15134
6943
15137
15139
23331
23332
15141
23333
6950
23335
6953
23338
6955
15147
23341
15150
23343
6961
23345
15154
15155
23347
15158
15160
6969
6971
6972
15166
23360
15169
6979
15171
23363
6981
23365
15174
23371
15182
15184
6993
15186
23380
6999
15191
7002
15195
7004
15196
15197
23389
23392
15201
23394
23395
15204
23396
7014
7015
15208
7018
15210
15211
23403
23404
7024
23410
7028
15221
15224
7034
15228
15229
23422
23425
7042
7044
15239
23431
7056
15249
15250
7059
23445
7063
7065
15259
23452
23455
7076
23460
15269
23461
7079
15272
23466
15275
23468
15277
23470
7089
23473
7090
15282
15284
15286
15287
15288
23483
23485
7102
7103
7104
23489
7106
23490
23491
23497
15306
7115
23500
23504
7128
7131
15325
7137
15329
7138
15331
23523
7142
7143
15337
23531
15342
23535
7152
7153
23537
15346
7155
15347
23541
15351
23544
23545
15354
23547
7165
15357
7167
15360
23552
7169
15362
23555
7172
15366
23558
15369
7178
7181
15380
7189
15383
7194
23578
7195
23579
7199
15391
23590
15400
23594
23597
23606
15416
23608
7227
7232
23620
23621
7238
23622
15432
23624
15435
23628
15437
7247
23635
7253
7254
23638
7256
15448
15451
15453
15456
7265
23649
7269
15462
7271
7275
15472
23665
15476
23668
23673
7290
15482
23679
7297
7300
23687
15496
7306
15498
15500
23696
23700
15509
7320
7321
7322
7323
7326
23710
15520
7329
15521
23714
15531
23723
23726
15535
7345
15537
15538
7348
23732
7349
15544
23737
15546
23739
15549
15551
15552
23744
15554
23746
23751
23752
7374
7377
23761
23767
7385
15577
23771
23772
23773
23775
7392
15587
15588
23786
7403
15597
23789
7409
15601
23794
7411
23795
7412
7413
7414
23798
7415
23800
23802
7422
23809
7426
23812
15621
15622
7433
15625
23817
7434
15627
23819
23823
15636
7445
7452
23838
23839
15653
7462
23846
7463
15655
23847
23848
23849
7467
15660
7469
15661
15662
23856
15665
7474
15666
23858
7475
15670
23864
7481
15673
7482
23870
7487
23872
15681
15684
23876
15685
23877
23879
15688
23882
15691
15692
23884
7502
15695
23887
15697
23891
15705
23899
7522
7524
15716
23912
15721
23915
7532
7533
23917
15726
23918
15727
15730
23923
15735
7544
23928
15738
23934
15744
23937
15747
23941
15750
23944
7561
15753
7565
15758
15759
15764
7575
15771
7585
23969
15779
23972
7589
23976
7593
23977
7594
23980
15794
7603
15797
23989
15799
7618
7622
7623
24010
15819
15821
24014
7633
24018
7635
15827
15829
15830
24022
15832
24024
15834
15835
7646
15838
15839
15843
24035
15845
15846
7656
24040
15849
15851
24043
24044
15854
7663
24051
24057
24061
24063
24064
7682
15874
7683
24068
7685
15878
7687
15879
15880
24075
7692
15884
7693
7694
24078
15889
15890
15894
24088
7706
7707
24092
15903
15904
15905
7717
15909
7718
7722
15914
15916
24108
15922
24114
7731
15924
24117
24118
24121
15933
7742
15934
7744
15937
24129
7747
7748
15942
7751
7753
15945
15946
24138
7756
7757
15949
15952
24147
7765
15958
24151
24152
15961
15963
15964
24159
24161
15970
7779
7780
7781
24165
15974
24167
7787
24172
7790
24180
7798
24183
7801
24186
24189
24190
16000
7809
24194
16005
7814
16008
16010
7821
16013
24205
7822
16014
24207
7824
16021
7831
7832
16025
16026
24218
24219
16028
24220
7837
24221
7839
7841
7843
24228
7845
16038
16041
7854
16046
24238
7855
7856
16049
24242
7860
7864
16058
16060
16061
24253
7871
16063
24257
7874
7879
7880
16074
7891
7892
7893
16085
24277
7894
16087
24279
7896
16088
16089
24281
7898
7899
24283
16092
7902
16096
24290
16099
16100
16101
16102
7912
16104
7914
16106
7915
24299
16108
16111
16112
7923
7925
24309
24310
7929
16121
24314
7931
16125
24317
7936
16130
24322
16133
24326
24327
24328
7945
16137
24330
7948
7951
16143
7954
24338
16148
24340
7958
7960
24344
16155
7965
24350
7970
24354
16163
24355
16164
16165
16166
16167
7977
16169
7978
24362
24363
24366
7983
7985
24373
7992
24376
7993
7994
16186
7995
24381
16190
24382
8001
16193
24387
24388
24392
16202
24395
16206
8015
8016
8018
16211
8020
16212
8025
16218
8031
24415
24416
24417
8036
16230
16231
24423
8040
24424
16234
16239
8050
16242
16245
8054
16247
24439
16248
16249
8058
8060
24446
24449
8066
8067
16259
8072
16268
24460
8082
16275
24468
24471
24473
8091
24476
8093
16285
8098
24483
16292
24485
16294
24487
24491
8110
16302
24494
8112
24497
16306
24501
8118
8121
24507
8132
8133
8135
8136
8138
24523
8140
24525
24526
24527
16336
8150
16343
8156
16348
24541
24543
8162
8163
24550
8169
8171
16364
24556
8174
24558
8175
8184
16381
16383
24575
11
128
225
210
390
264
457
170
443
429
478
383
