912
2051
4101
2057
4107
12
2065
4113
23
25
27
2075
2078
4126
4127
2080
4130
4131
4133
2090
4145
55
56
63
2115
2117
4166
2122
4177
83
2131
4181
89
90
2140
95
4192
97
2147
2149
4197
102
4203
2158
2160
115
2166
4214
122
4220
125
128
2178
4228
136
2185
4234
4236
142
4239
4241
2194
147
2199
4248
4251
2208
166
2214
168
2217
2220
173
2222
4272
178
180
4276
2232
2234
2239
4290
197
2250
2251
2261
217
2268
2270
223
4320
4321
226
2274
4324
229
4330
2284
2286
242
2290
244
246
2296
249
2302
4350
4351
256
2306
260
2309
4357
4358
2313
4364
273
2322
4378
2333
2334
2335
290
4388
293
2342
296
2347
303
2352
2355
313
316
317
4413
4415
4417
2372
327
4425
4426
333
2384
2385
4433
4434
344
4440
2394
2397
352
357
2406
360
2410
2411
4459
4460
2414
2415
4463
4465
372
2422
2428
4476
4478
383
4480
385
2435
2436
390
4486
2443
2445
398
4496
4499
2452
2453
4501
2457
410
414
2462
418
420
2470
4519
426
430
2483
2484
2485
2491
2492
2493
446
452
4551
457
2505
4554
2508
4556
2509
4561
4562
467
476
4573
4574
479
2529
484
4582
2536
4585
4586
493
494
2543
499
4596
501
4599
504
2552
4600
506
4603
512
4609
4610
2564
4614
2568
2572
530
536
4637
543
2593
4641
2595
4643
549
4645
4647
4648
4649
4650
562
4660
567
572
4669
2622
4672
578
4675
582
4680
4681
4683
589
593
2641
594
2643
4692
4694
4695
2651
2652
605
4701
2654
4702
4704
4707
2665
4714
2667
2673
627
4723
2676
2677
4728
4732
637
2686
2689
4739
2692
4741
646
647
649
4747
4750
4751
2704
4756
2712
2714
667
2715
2726
679
4777
2734
2737
4789
694
2742
695
2743
2745
699
4795
700
4800
2754
2755
4803
708
2756
2757
2758
2762
4810
4811
2764
2768
721
4818
4821
732
2789
2790
4838
2792
745
746
4843
748
753
2801
4851
2805
758
761
2812
765
4863
768
771
772
2823
4872
777
778
4874
4875
780
784
2834
788
2838
4886
4887
2841
2842
800
2848
801
2851
807
2856
2857
810
4906
2859
4913
2867
4917
4918
825
2873
4921
837
4934
4937
843
845
851
2901
856
4954
2908
861
2910
2914
4963
2916
4965
4969
874
4970
879
2927
882
2930
4982
2935
4983
889
891
4987
4996
2950
5000
907
5003
917
921
2970
5022
2978
5026
2979
932
2980
934
5031
5035
941
942
5038
943
947
5044
5046
2999
5048
953
5056
3011
3013
5063
5064
971
3021
5074
980
5078
3034
5084
5085
5086
3039
5087
3042
3043
996
3044
3045
5094
3047
3048
1001
5103
1009
1010
3060
1013
5111
1019
5115
3070
1024
3080
5136
3089
3090
3091
3100
3102
1055
1056
1057
5153
1065
1069
5165
5166
5167
3120
1073
1074
1078
1079
3130
5180
1085
3133
1086
3134
5182
1088
1089
3139
3140
1096
3144
5192
1097
5193
1098
5194
5197
3155
3158
5206
1111
5207
1112
3160
5210
5214
5216
1124
5222
1133
3181
5235
3189
5238
1144
3193
5242
1147
5248
5250
3204
5253
1160
1167
3217
3219
5267
1174
1177
3225
3229
1182
1183
5279
3234
5291
3244
1201
3251
5303
1208
3256
5309
5311
1217
3267
1224
5320
3273
3274
5323
3279
1235
5332
5334
5335
1241
5338
3291
3292
3295
5343
1251
3301
1256
1260
5357
1263
5359
1265
1268
5365
3320
5370
3325
3326
1281
3330
3331
5382
5385
3338
3339
1292
3340
1293
5389
1295
5391
1299
3350
1303
5400
5401
3355
1308
1310
3358
1315
1317
3365
1318
1319
3370
3372
1326
3374
3376
1329
1332
3380
1333
5429
1334
5431
3384
3388
1341
3389
5438
5440
5441
3394
3396
3397
3399
5447
3400
1355
5453
3410
5458
3414
3415
3417
1370
3418
5468
1374
3424
1377
3428
5477
1382
5478
1383
1384
5484
1389
1396
1398
5494
5496
5500
3456
5505
1413
3461
5515
1421
1424
3472
1426
5524
3477
1430
1433
1434
3482
1436
1437
5534
5536
1441
3490
5538
5542
5546
3499
1452
1453
5553
1458
5555
5556
1461
3510
1463
5561
1468
5566
1471
5569
5572
3526
5574
5576
3530
3532
3533
1486
3536
3537
3539
1496
3545
1500
3548
3549
3553
3562
3566
1519
3569
3571
1524
1527
1528
3577
1532
3580
1533
3581
3582
1535
1536
1540
3590
1543
1550
1558
3609
1562
1569
3624
3626
3627
1580
3629
1582
3639
1594
3643
1597
3650
3651
1604
3660
1614
3666
1619
1620
3668
3670
3672
3679
3680
1636
3684
3692
1648
1649
1656
1657
3707
1660
1662
1664
1671
3719
1672
3726
3727
3728
1682
3730
1683
3738
1691
1700
1701
3750
3751
3757
3758
3763
1723
1728
3777
3785
3786
1741
3792
3793
1753
1757
1766
1770
1775
3826
1781
3830
1786
3837
3847
3854
1810
3860
3861
1816
3865
3868
1823
3873
3877
3878
1840
3890
3891
1844
3908
3914
1867
3917
1870
3920
1873
1875
3939
3950
3951
1909
3958
1914
3962
1915
1920
1927
3980
3983
3984
3985
1939
1943
3992
3999
4004
1960
1961
4009
1966
4016
4020
4023
4025
4029
1982
4034
4035
4045
4046
1999
4051
2004
4052
4055
4058
2014
4062
4063
4066
4067
2020
2022
4072
2025
2033
4082
2036
2037
4086
2039
2043
4091
2044
2046
14
161
323
100
203
76
77
240
86
57
26
122
251
92
350
