5630
16384
32768
16385
32771
16389
7
8206
24594
20
32788
8212
16406
24599
23
8215
32792
16409
24601
32795
8220
29
32798
32799
24608
24609
24612
16421
24614
16422
8232
24618
32810
42
8235
44
24622
46
49
32817
24627
24631
32824
24634
32827
32828
24638
24640
16448
8257
32837
16455
32839
16457
24654
32846
32848
8274
24659
8276
16469
86
24663
8279
24668
32860
92
93
32861
8285
32862
24670
32866
24675
16483
99
8291
101
16486
32871
32873
24682
8298
16491
8299
24686
24688
32880
113
118
8310
8311
32887
121
8315
32893
126
32894
8319
16513
32898
8323
16516
32900
24709
32901
24710
8327
24711
136
16523
32908
8333
16527
32911
144
24721
32914
8339
148
16537
16539
156
157
158
8351
8355
16548
8357
24741
32937
24745
16556
32942
16559
176
177
24754
179
24756
32950
8375
16571
16572
32957
16573
16575
8386
32962
24770
16580
196
16581
8391
8392
8394
24781
16590
16591
32975
24783
16595
8404
24788
24790
32983
8407
8408
219
8413
16605
24800
224
16609
24803
24807
8427
24812
16623
8432
24816
33008
24817
242
245
24821
8438
24823
24826
253
24829
255
8447
24832
256
16643
33027
8454
8455
266
33034
16650
24843
16651
24844
8464
273
8467
16660
33047
8475
24863
289
24866
33059
24868
24869
293
33061
33063
8488
16680
296
8491
8493
33069
16686
8495
304
8497
24884
8500
309
311
8504
16697
8507
33084
33085
16701
8512
8513
24898
16708
325
16710
33094
24902
8519
327
8520
24904
16714
16715
332
333
16717
8527
24912
24913
16723
340
33109
33110
24920
8537
24924
348
24930
16739
356
8549
24934
8555
33135
16753
24946
8566
33142
8570
24955
16765
385
387
8579
8581
24966
391
392
393
33161
24970
16778
24971
24972
8591
16783
401
8595
33174
24983
8599
24984
16793
410
24987
8605
33181
8607
418
8610
16803
419
16804
8612
16805
421
24997
16806
24999
33191
424
16808
8617
16811
25003
25005
8621
25006
432
33204
25012
8635
16827
25021
33214
16833
8645
8646
455
458
8653
25039
33232
25040
25042
25045
16858
8667
33244
16860
33245
8670
16862
16864
482
25058
16868
484
25061
486
33255
488
33256
490
16875
25069
495
16880
33265
33266
16885
16886
16887
25080
8696
33276
25084
508
25085
8703
16896
25090
8706
516
16900
16902
16903
8712
16904
16907
523
25100
526
33294
8720
16915
8726
536
33307
540
16927
16931
33315
8740
550
16935
33321
8746
25130
33322
557
16945
16956
25148
572
33341
573
574
8767
33344
16961
577
8770
16964
25158
8776
585
8778
8779
33356
8780
8781
16974
8782
16976
8785
25170
33363
16980
25176
16984
8793
16985
603
16987
16988
16991
8800
33379
8803
33381
33383
25191
8807
17000
33384
17002
25194
33386
17003
25196
8814
17006
622
17007
25200
33392
33395
25204
8821
8822
634
33402
17019
17021
25214
17023
17025
33409
17026
25221
17031
649
17035
652
655
8847
25232
656
657
8849
658
8850
660
25237
8853
33431
25239
665
17049
8859
669
33442
25251
25255
8874
17075
33460
33461
17078
8888
33466
33467
33468
701
25277
17086
25281
8902
8904
8905
714
8906
715
17102
33488
721
8914
33490
722
33492
17109
33493
725
17110
17111
25305
731
736
25313
8929
8931
25319
25320
33512
33513
8940
25326
33520
754
33524
33525
33526
8951
17146
25341
17151
25345
25346
771
772
8964
8965
8970
25356
33548
17165
33552
785
17169
33553
787
8979
25363
17172
790
8985
25370
8987
33563
17181
802
17186
25380
33572
25381
805
806
17191
25384
809
25385
33578
17194
25387
813
17199
815
25392
816
9009
33585
33586
17203
33588
17206
9016
33592
33596
9020
25405
17213
9022
33600
25409
33602
33603
25412
33605
17221
839
17224
840
841
25417
17226
842
17228
9036
845
17230
847
33615
17231
17232
25427
852
9044
25428
33620
33621
33623
17242
25434
9051
17244
860
17245
33630
9055
864
25440
25442
9060
33639
9063
25448
872
17256
25450
17260
17261
879
17263
881
9074
9077
886
25463
17272
33659
892
25470
17279
897
25474
17283
17284
9096
17288
17289
910
25486
17295
913
17298
916
9109
917
25495
25497
9116
926
17311
33696
17312
25506
17314
9123
17316
933
25510
9127
17319
935
33704
33706
33709
25518
25519
9135
9137
33713
33715
33716
9140
17332
33717
17335
17336
25528
953
9145
33721
9147
9150
33728
33729
25537
17347
25540
9156
33732
17351
9163
33740
17360
9168
33745
33746
25554
9171
25557
982
17366
17367
984
985
9178
33757
25566
17375
9183
33761
17377
33762
17378
17379
9187
33763
17380
25573
33765
999
33768
1000
33769
9194
1002
25579
9196
17390
25582
9198
33775
1008
25588
25590
33782
1016
25593
1022
1024
17408
25601
25607
9224
17416
33800
9225
17419
9229
25615
1039
9232
33812
17428
17430
9241
1050
17436
1052
1055
17441
25637
25638
1063
25640
1066
25642
1067
25646
33838
33844
33845
33848
25657
33849
1082
33850
25661
9282
33861
17478
17479
9287
17481
9291
25675
25678
9297
33873
1106
25686
1112
17497
1114
9311
17504
9312
9314
25698
33891
25700
33892
17510
33895
25704
1130
17515
25712
17520
1138
25714
1140
25716
9332
17529
9338
9342
1151
9345
33922
33923
9347
17540
1156
9348
33924
1157
17542
1158
33926
1159
33929
1162
33931
1167
33935
25744
33937
25746
9362
9364
17559
17561
17567
25761
33953
1185
17570
1186
1188
1191
33960
17578
1194
33963
17579
9388
17582
25775
1200
25777
33969
1202
1204
17588
33973
25782
17591
9400
33978
17595
33981
25790
1215
25792
1218
1219
17604
25797
1223
25802
1227
33998
9425
1233
25813
17621
25814
1238
17622
17623
25816
1240
9433
34009
9434
9437
34013
17629
34016
17633
25831
17640
1256
34024
25833
1258
1260
9455
34032
1265
9460
34037
1269
1270
1271
17657
34042
34043
1276
17660
17662
34046
9471
34050
1283
1284
1285
1287
17671
9481
9482
25866
17676
17677
25869
34061
1295
1296
1298
9492
25876
34068
17686
9495
25880
9497
9503
34079
9509
25894
1320
17704
9514
17707
34094
9518
1328
17713
25908
34102
9526
34103
9529
9531
1340
17724
34109
17725
1342
9534
34111
1347
1352
9546
34124
17741
1358
9551
25936
25937
9553
17746
25938
25940
17749
1367
25945
25946
1371
25950
17758
9569
34146
17763
34148
25956
25960
17771
9581
1391
25968
9586
25971
9587
34164
25973
34171
25979
17789
34173
1406
1407
25983
9600
17793
1411
9604
1413
25990
25991
17799
1417
1419
25996
34188
17805
9613
17806
34190
34191
9616
34193
9618
9619
17811
9620
34199
17816
17820
9630
1441
1442
1446
17831
26023
34215
34216
26027
34220
26029
1455
34224
17841
1458
9651
34227
34228
1461
26038
9656
34233
17850
1467
34235
9660
17854
9664
17858
9668
26054
1479
1480
17864
26059
9677
17871
1487
9683
34260
34261
26069
1494
9686
26070
9687
26071
17879
34264
9689
17884
9693
26078
9696
34274
26084
1508
9701
1510
9702
17896
17900
17901
34285
9709
1518
26096
9712
34289
26098
26100
34293
9717
17911
34296
1528
9720
26104
1529
17914
9725
17917
9727
1535
17921
9730
26114
9731
1540
9733
26118
1543
34312
26120
1546
17930
9738
1547
17934
34318
34321
9745
17939
34325
26133
34326
26134
17943
26135
34329
1561
26138
9755
17947
26141
1565
9758
17951
17952
26145
1569
34338
9763
17957
9773
34351
17970
17973
34358
9783
34361
9786
34364
17981
26175
9791
26177
17989
26183
34379
26187
17996
17997
1616
9808
34385
1619
9812
1620
26196
9815
34393
18009
26205
18014
34399
26210
9828
9830
34407
9831
1644
9837
1645
26223
34415
34417
18034
9842
34418
34419
26227
18038
26230
34423
9849
34426
9851
34428
26238
1662
26240
26242
18050
18055
9864
9865
1674
26251
34443
1676
26253
9869
18062
9870
26254
9871
34448
18065
9873
18066
26259
9876
18069
26261
26263
26264
18072
26268
1693
26271
26274
18083
1703
34472
1704
18088
9897
1705
26284
9900
26285
9901
1710
18094
26287
9906
26290
18101
1718
9910
1719
26297
34489
9913
26298
26299
26301
1726
34494
9918
26303
18112
18114
1730
1733
26313
1740
18127
18128
26320
9936
26322
9940
26325
18134
34519
18135
26327
34520
34522
34526
18144
34529
34530
26339
9955
18147
9960
9961
1769
1771
34541
1774
18158
18162
34546
26357
34549
18166
1783
26361
26367
18177
34562
18178
1795
9988
9991
34568
9993
26378
9996
1805
26381
34573
34575
26384
26387
26390
10008
18201
26393
10011
1821
18207
34591
1824
34592
10017
34593
26403
34596
26405
18215
1832
26409
34602
34603
34605
34608
1840
18227
18230
10039
1848
34617
10042
18234
18235
34620
10048
18241
18242
18246
10054
18247
1863
26440
34635
1870
34639
1871
34641
18258
26450
34642
18261
18263
34648
18267
10079
26464
18274
34659
18275
34663
10088
34666
1899
18283
34669
26483
1909
34677
18294
1910
10103
10105
1913
26490
34685
10109
26494
1918
1921
34690
1923
1924
18308
1929
18313
34697
1930
26506
1931
1932
34700
26508
10125
1934
1935
34704
10132
26516
34710
1942
18327
1944
18328
10138
1948
34717
26526
10143
34720
10144
26529
18337
1955
26531
1958
34727
10151
1962
26539
1964
26541
10158
34734
34735
34736
26544
18355
10165
18364
10173
18365
34751
10178
1987
10180
26565
18373
1989
1990
34758
18374
26567
26569
34764
26572
1997
1998
2000
34768
10194
34772
2004
26581
18390
34774
10199
26583
10200
2008
2009
10203
2013
34782
18399
34784
26592
26593
2017
18402
10210
26595
2019
2020
2022
2025
34797
26608
18418
34802
34803
18421
2037
18422
10230
2038
34807
26617
18427
10236
2045
10238
2047
34817
18434
26627
18435
26629
18438
18439
18440
2058
26634
34828
34830
10256
2069
18455
10263
10264
26649
2075
26652
34845
10270
2078
18463
26656
26657
10273
10276
26661
18474
2090
18475
18476
2092
10285
18478
2095
26672
34864
18481
10289
10291
2101
26678
18490
2107
26683
26684
26685
2112
2114
26691
34886
18502
34889
18506
26699
10316
26700
2125
26701
10317
26702
26705
18513
2129
2130
26710
2136
26712
18520
18521
18522
2139
34908
26717
34909
34911
26720
10339
34916
18532
18534
18535
18537
26729
18538
26730
2156
2158
26734
18543
26736
10352
34930
2163
26739
10356
18549
10360
2168
2170
10363
2173
26749
26750
18558
34943
26751
34944
10368
10372
18564
34955
10381
26765
18574
26767
2191
34959
2192
18578
10388
18581
18582
2198
34966
34967
10391
18584
2200
18586
10395
2204
18590
26783
2207
34976
34977
18594
18595
18598
2216
34984
10409
2218
2221
26797
10414
18609
18612
18613
2229
10421
18614
34999
18616
10425
26811
10427
2239
18623
35008
18624
35009
2243
35012
26823
35018
18635
18636
2252
26828
18641
2257
18642
35027
18644
10453
26837
35029
26838
35031
18648
26843
10459
26844
2271
10464
18656
10466
2277
26853
10470
18663
10474
2283
2285
2286
35059
26868
2293
10486
18679
35063
10488
26874
26875
2299
10491
26876
26877
10494
2302
26879
2304
2305
18691
10499
35077
10502
2312
2318
26895
2320
35089
10514
18706
35091
18708
10517
26903
2328
10522
35098
35099
26908
18716
10525
10526
26911
18719
26912
2339
35110
18726
26919
18728
26924
2351
35120
26928
2353
10545
2354
18743
26936
10552
18744
26937
18745
35130
2362
10556
10557
18750
18754
2373
10565
18758
2375
10568
2376
35149
35155
2388
10580
35156
18773
26966
10585
18777
2394
2397
26974
18782
26975
10592
35171
2405
26981
26985
2410
10603
10604
18796
26992
10610
35187
18805
2424
27000
10617
10618
18810
10619
2427
18812
10623
35199
2431
18816
2433
18818
18821
35206
2438
18823
10632
35208
18826
27018
27019
2443
35212
35213
18830
2447
10641
2451
10645
10646
10647
27031
27034
35226
27036
35230
10654
35231
10655
27039
27042
35235
27045
10663
2471
27047
27048
10666
10670
27056
35248
35250
2483
35252
35253
35255
18871
2489
35257
35258
2491
10687
18879
35264
35268
2501
27080
2504
10696
27081
2507
10700
10703
35279
27089
2513
27090
27093
35289
27097
27098
35290
35291
18907
2524
2525
27101
2528
35296
18913
10721
18916
2536
2537
18921
35305
18922
18926
2543
27119
27120
2544
10739
27124
2549
18933
27127
35319
18936
35321
18937
10745
27130
10746
10748
10750
2559
35329
2561
27137
35330
35331
18947
35332
18948
2565
18950
10761
18953
35338
18954
35339
18955
27148
35341
2574
2576
18960
18963
2581
35350
35351
10777
2586
35354
2587
35356
27164
27165
10781
10782
27167
18975
35360
27169
10785
10787
18979
35364
35365
27175
35368
10793
35373
27181
27183
27184
10800
18992
2609
27185
35377
2610
35379
2612
2614
35383
18999
10808
19000
19001
10809
35386
2619
27196
10812
10813
35389
35393
19013
19014
10822
2632
27211
27212
2637
10829
10831
19024
27219
35412
2644
19029
35413
10838
19031
27224
10840
19036
35422
19038
2657
19043
2659
2662
19048
10857
2665
27244
2670
2671
19056
2672
19058
27251
10870
27256
19065
19073
2689
35458
27266
10885
35462
27270
2696
27272
35465
27273
10889
2698
2699
35467
19084
27276
19085
2704
10897
35473
27284
27288
2713
2716
10909
19101
27297
35490
27298
27299
10916
10918
19111
27305
19113
2730
2731
19116
35502
10927
35505
19121
27317
19125
10934
10935
2745
10937
27322
27323
10939
19133
2750
19135
2754
35525
10950
27337
19146
35534
27342
19151
19152
19154
35539
19156
10968
10969
27353
27354
2778
19163
35548
27357
27358
35550
19166
35552
27361
27362
2786
10978
19170
2788
19173
19174
2792
10985
2796
10989
10992
19184
35570
35573
2809
35577
27387
2812
27389
35582
2817
19203
19205
35590
11015
19209
27404
2830
19214
2834
11030
19225
2842
27420
11040
2849
27426
2851
19236
2852
27428
2853
35624
11048
2857
19243
2861
11053
27447
27448
11065
11066
35645
19263
35653
35656
27465
35658
35659
2892
2893
11086
27471
19279
35665
19281
2897
11089
35667
35670
2905
19290
11100
35676
2909
35678
11102
11104
11107
19304
2921
2925
11118
35696
2929
27505
35700
11125
27510
11127
27512
19321
19322
35706
19323
27515
27517
35710
27519
2943
35711
35715
19332
11142
19335
19336
2952
27529
11150
19342
19344
11156
2964
2965
35733
35734
19351
35736
27545
19355
2972
2980
27556
19366
2983
19368
27561
35755
2987
19372
27564
11180
11181
2990
35758
19377
27570
11188
19382
11191
35769
19385
19386
19388
3004
27581
27585
19398
35782
19401
35786
3018
11211
35787
35788
19405
27598
35792
35793
11218
11221
35798
19414
35802
3035
11229
27620
11237
3048
35817
35819
3051
19436
11247
11248
19443
35830
19446
19447
3064
27643
35836
3068
3069
27648
11270
27655
3080
11272
3084
35852
27660
11283
11290
19485
27677
27678
19486
27679
35872
11297
3106
19491
11299
27685
3109
27688
35883
11308
19500
11311
35888
3121
19507
3124
27700
3127
3133
27711
19520
11329
19522
27715
3142
27718
3143
3145
19529
11338
3151
19537
27732
19540
3157
27733
27734
19543
35928
11352
27738
35931
35933
27742
3166
11359
11360
35937
11364
19557
11366
11367
3178
3180
19565
27757
11374
35952
11377
3186
19570
27762
3188
19574
11386
35962
27771
27773
35966
3198
11391
19585
27777
35970
3202
3203
27780
27782
3208
19593
27786
19594
3211
35981
27792
11411
3220
11413
35989
35991
27799
11416
27802
11421
35999
3232
11425
19617
27810
19619
3235
27811
3236
3237
11429
27814
36007
36008
27818
36013
27821
11438
19630
19632
27825
19635
36020
19641
36026
27835
11452
19644
36028
27837
19645
3262
36032
3264
11457
36034
11460
3270
19656
19658
19659
11467
27852
11470
36046
3279
27855
19665
11475
36053
3285
27866
27870
36062
36063
19679
3296
3297
36065
27874
3300
36068
11492
3303
19688
36076
27885
36078
3311
36079
11507
3316
27898
11515
36091
36095
19711
11519
27904
11520
3333
11525
19717
11526
3335
19719
3336
27916
11533
3342
19727
27919
3344
36115
3348
11540
19735
11544
27928
27931
11550
3359
36131
27939
19752
19753
27945
11562
36139
19755
3372
27950
36143
11567
19760
27957
19769
36154
27966
11582
36158
36159
11583
3393
36161
27969
27970
36162
36163
36165
19781
3398
27974
19783
27977
11596
36173
11601
3410
11603
36180
11608
11609
36185
19802
3418
27996
3421
19805
11617
3427
28006
11623
36199
36200
28009
28012
3436
36205
36207
28015
36212
36214
36217
11641
36220
19836
3453
36223
28031
19839
11648
19841
28033
11650
3460
19845
3461
36230
3464
28041
11659
11661
28045
3470
19854
36238
36240
36241
3473
19861
11671
19864
36249
36250
11675
19867
19868
36254
3487
28063
19871
3490
36259
28068
36261
28070
28072
19881
11689
28074
28075
3499
3502
11702
36280
19898
3514
36283
3516
11708
3517
36286
28094
11710
19903
3520
28100
28101
3527
19911
36296
19916
3537
3539
36309
3541
11733
11734
28121
11739
19933
3551
36321
19937
36322
19940
3559
19944
28140
3565
36335
19952
11760
3571
19957
28149
11765
36341
3574
19960
11770
36348
28157
28158
36351
11776
36353
3587
28163
36356
11780
36357
3591
28169
3593
11786
3596
11789
3598
36367
11791
3600
19985
11794
28180
11798
19991
36377
28186
19994
36379
3612
28188
11805
11806
36383
19999
28192
28197
36392
28202
28203
20012
3632
20016
28211
20019
28213
20023
3639
3640
36409
36410
11834
3642
28222
3647
20032
3650
28227
28228
36421
11846
20041
3658
28235
20043
36428
28241
20050
36434
28243
36436
3670
20055
3671
3673
36443
11867
3675
3676
36445
28254
20064
3680
28256
3681
20069
3685
11878
11881
11882
36459
11885
36461
20078
11889
3699
11892
11895
3707
20091
3710
20094
20095
11905
3713
3714
36487
28296
3721
11913
20106
20107
3723
36493
28301
28302
3727
11921
36498
36499
28309
20119
36503
20121
36506
20122
11931
3742
20126
36510
36511
20128
36514
11939
3748
11943
36519
20135
36520
36522
20142
3758
11952
3760
28337
20145
28339
36534
36535
20152
36537
3769
28346
3771
28348
36540
20157
3775
3776
20161
28354
36548
11973
28358
28359
36558
3798
36570
11997
28382
11999
28385
12001
12002
20195
3812
3813
20198
36582
20199
28392
12009
28393
12010
3820
20204
20205
3821
12014
3822
20207
36592
28401
36594
3826
28403
28404
3830
12023
36601
12027
12029
12031
3840
28419
28423
36615
12039
3848
28426
20235
28431
36623
20240
12050
3859
20244
28437
28438
36630
36631
28440
36634
20250
3866
3867
36635
28447
12065
20259
36644
3876
20260
12070
28455
3881
36650
12076
20269
12078
20271
20272
3894
3900
20285
12095
3903
20289
12102
20294
36681
12107
3916
20303
20304
12112
36689
36690
20306
12114
3923
28500
36693
28502
3927
28507
28508
3932
28510
36709
28518
20327
36712
36717
36720
3953
28530
3958
36726
12155
3963
20347
12157
28542
3966
3967
28544
12162
12164
36740
20358
12166
3977
12169
28554
20363
20364
12172
36753
28563
20372
3991
28568
3993
28570
3996
36764
20380
12190
3998
36767
28576
4001
12193
20387
20388
28580
12198
20392
12200
36776
4009
12202
36780
12204
4015
28591
28592
36785
28595
12212
36789
28597
4023
12215
28599
12216
28601
12218
28603
20412
12221
28607
28609
12225
36805
4037
20423
4039
12234
12235
12238
28624
12241
36817
28627
12245
20438
12247
4057
20442
28635
36829
20447
28640
12259
4068
36837
28649
20459
20460
36846
12272
20464
28657
4082
4084
12278
4086
12280
4089
28668
4094
36864
20480
4099
36870
4103
12297
28682
12298
4108
4111
20496
4114
20500
36885
36886
20503
20504
36889
4122
20507
20508
4125
4126
36895
20517
4136
20522
4138
36908
4141
20527
28719
36913
20530
28723
4148
12340
20533
28726
4155
12351
4161
4162
4163
4166
36934
12361
36938
12362
12364
28749
12367
36947
20564
12372
28757
36950
12375
36951
4183
12377
36954
12379
20572
20573
36958
20575
28767
4192
36961
20579
12387
4197
20582
28776
20586
4204
12400
12404
36980
20598
36982
4215
4216
28794
12410
36989
4221
20607
20610
12420
36996
28807
20615
4232
37000
12424
37005
12430
12432
28823
4249
20634
37019
4252
4253
37022
12447
12451
4259
37027
4261
4262
20646
28838
28839
4264
37033
20649
4267
12460
37038
12463
37039
20656
28848
20659
4276
37045
20665
4281
37049
4282
12474
4286
28863
4288
4289
12485
37063
4295
12488
28874
37066
4299
28876
37069
4301
20685
4304
37073
28882
12499
4308
20692
37085
28894
20702
12511
12512
28897
4323
20708
20709
28901
4328
37100
20718
20722
37108
4341
37114
12539
28923
37116
12542
20735
28929
4354
28931
37124
28932
20741
20743
4362
37131
20748
28941
20750
20753
12565
37143
4377
4378
28959
37152
12577
12580
4393
37162
4395
4396
20782
4400
28978
20787
37174
4408
37176
37177
4411
4412
28989
20797
20800
12608
4416
28994
12611
37187
37188
4420
28996
20805
20806
29000
12617
12621
37197
20813
4429
37199
20815
4434
12627
4437
37205
37206
4440
29016
4441
12633
20826
20830
37214
29023
4448
37218
20835
29028
20837
4454
20839
4455
12647
20841
4458
20844
4463
37232
20848
29044
37238
12662
20856
20861
4477
12671
12672
12673
20865
29058
4486
12680
12682
20877
37261
20878
12688
37265
37266
4500
4503
29079
12695
4506
29082
37275
37278
4510
4511
37282
4517
37287
20908
4525
29103
12719
12724
20921
4537
4539
12731
12733
4542
37310
4543
4544
4549
12745
12747
29131
29133
4558
4560
4561
29139
37333
29142
29144
4568
29149
37341
29150
12774
20966
12776
4584
37353
12780
29164
29167
12785
29170
20982
29175
37367
29176
37370
4602
37371
4603
29179
4606
20990
20992
37376
29186
20999
37383
12809
37385
4618
4619
37387
12811
21005
21006
4623
29199
29200
29201
4626
4629
21014
29206
37399
4633
12830
12832
29221
4648
12841
4650
37419
21035
37420
29229
12845
29231
12847
21042
37426
12850
12853
29237
4662
12856
37433
12858
37436
29247
4673
12865
37442
29252
37445
37446
4679
21064
21065
37451
37458
37460
37461
21079
4697
37473
12900
4710
4714
4717
37488
37489
29297
29298
29299
12916
21116
12924
37500
29308
21117
12927
29312
37505
37506
4740
4741
4747
29323
21132
37516
29324
4749
21133
21137
4753
21139
4757
4758
12951
37528
4761
29339
12956
37532
37534
4768
29344
29345
37537
21153
4772
12964
21157
12967
29351
12971
21164
4780
37549
21168
37552
29361
21169
12984
21178
12986
29371
4798
21182
29377
21185
21186
4803
37572
12997
37573
4809
37583
4816
29394
13010
4820
29402
29405
4829
37599
29409
37601
4837
37606
37610
4842
29423
37616
29425
4851
4855
29433
21242
21247
21249
4868
4871
29448
29449
13066
4876
37644
21262
21263
4879
4880
29456
29459
21270
21271
13079
29463
29467
21277
4895
21279
13091
21285
13095
4904
37672
21289
37674
4907
37675
29485
4913
13110
29496
29497
29498
4925
4931
21315
37700
29511
4937
21325
37711
21328
21329
29523
13141
13143
13145
29529
29530
13146
21339
13149
4957
37725
37726
37727
29535
21345
21346
29539
37734
21351
21352
21354
4971
37741
4975
21360
4976
37745
13170
21362
21364
29557
21367
29561
13177
21372
21373
4989
13182
29567
21377
29571
4996
21381
37766
4998
21384
21387
29580
29582
13199
29587
13204
13205
37784
29594
37788
37790
21409
13218
5029
29607
21415
13223
21416
21417
37801
29610
21418
37802
37804
29613
37806
21424
29616
29617
21426
5042
29622
21431
13241
29625
29627
13244
5055
29632
13248
37824
13249
21441
21442
29637
37829
37830
13255
37831
37832
5065
5066
5067
21451
5068
37836
29644
29645
37837
21453
13261
29647
5074
29651
37845
21461
13272
29656
21465
5081
29658
37851
21470
21472
37858
37859
13284
29670
5096
29672
13290
21482
37866
21483
29675
37868
29678
21493
29686
37879
37880
29689
21498
37885
13309
21502
21503
13313
21505
5123
13315
5124
5127
29704
37896
21512
29709
5135
13327
21519
37904
13328
5136
29713
13335
37911
21528
13336
29721
29723
21533
29726
29727
37919
21537
5156
37925
13351
37927
29738
21547
37933
37934
37939
13364
37941
29749
21561
5177
21563
37947
5181
29765
13381
21574
13385
21579
29772
13390
21583
37967
37968
37971
5204
29780
21591
5209
37978
13404
21597
5214
21599
13408
29792
5219
37989
13413
21607
21609
29807
38000
13425
29812
21621
5238
29816
13432
38009
38010
29819
5246
13439
29825
5250
38023
21643
29838
5263
38033
21649
29841
29842
13460
29847
38040
21657
38042
13467
38045
13471
13474
5286
21670
38057
38058
13482
38059
29868
5294
13487
21680
13489
13495
29879
21687
38077
29885
5310
13503
13504
38080
5313
5314
38082
21699
21701
5317
29895
13512
13513
5321
29898
5322
13514
29900
38092
21708
5324
21710
13521
13524
38101
38102
13528
38110
38113
5347
38116
29929
5353
13545
5354
29932
38124
21742
5358
13551
38129
21746
5362
21747
38133
5366
13558
13559
5367
21754
5374
29951
5376
21761
38146
21763
38150
21766
13575
38153
5388
21772
21774
29968
38161
13588
21782
29974
5401
13594
29979
13595
13596
5405
21790
38174
29984
21793
21794
38178
29987
5412
13605
29990
5415
5417
13610
29994
38187
38190
38192
5425
30002
21812
13621
21814
5431
13625
5436
13628
21822
21823
38207
30019
21827
5446
30023
5448
5449
13642
5451
21836
30032
5456
21841
21844
13654
30038
13655
5463
21847
21851
5468
5472
13668
30053
13670
30057
21866
30059
13675
5487
21872
5489
30070
5496
30074
30076
13694
30080
30081
5505
5507
30083
13702
21896
21897
30092
21903
5520
13713
5524
21909
30107
13726
5534
13729
13731
5539
30116
13733
30119
5546
13738
13739
13740
5548
21932
30127
5551
30128
21938
13746
30130
13748
21940
13753
13755
21947
5564
21949
21952
13762
21955
21957
5573
30155
21964
5581
21965
21966
30160
5584
13777
5585
13779
5587
21972
13782
13787
30173
21985
5604
30187
21996
13804
5613
21998
5614
30191
13807
5617
5620
22005
5623
13820
22012
5629
5630
22014
5634
30213
22022
13833
5642
13834
22028
13836
22033
5650
30226
13842
5652
22038
13849
22041
5657
13850
5659
13851
22044
5661
22050
22052
22053
22055
13868
22060
5676
13869
30253
13872
5682
30259
13878
5686
30264
5688
5690
22075
30269
13891
5703
30279
30281
13897
5710
30287
30288
22099
13908
13910
5719
30297
30299
13917
5726
30305
30307
13929
5737
5739
30318
13936
13940
30324
13942
5750
30328
22137
5753
30332
5756
5762
5763
30341
5766
22150
30343
22155
22158
5775
22160
5776
30352
5779
5785
13978
13981
30366
13985
5796
5797
22185
22189
30383
5807
5808
14001
22193
5810
30387
5814
14007
5816
14012
5822
30399
5828
14022
30407
14023
30408
5832
30413
22223
5842
22226
14036
30421
22229
14039
22235
5852
22239
30433
14053
5861
30438
14055
5864
14058
30444
22254
30446
14064
22256
14066
30457
14074
5883
22268
22269
14079
14083
5893
5894
30473
22282
30477
5901
5902
22288
5904
30486
5913
30489
5920
22304
5921
30497
14115
14117
14119
5929
14122
22315
30507
22318
5938
22325
30517
22327
14136
30520
5946
22330
30523
5947
30524
30526
22334
14144
30528
22338
5955
14149
5959
22344
5961
22345
5963
30541
5968
5969
30547
5972
5974
22362
30555
22363
30557
30559
5984
30566
22379
22380
30572
14189
22381
22382
6000
6004
22388
30581
6006
30583
6009
6011
14206
30591
14207
6016
6017
14209
22406
14221
14224
14228
30613
14230
14231
30615
22424
22428
22431
6057
22441
22442
14256
30640
6065
30645
6069
30648
6073
6074
14268
6077
14271
22463
22466
6092
30668
30670
14289
22481
6098
14291
6101
22486
6108
30686
22497
6114
22500
6118
6119
22505
14314
30698
22506
6125
14319
22511
14322
30707
22515
30709
14327
30713
6137
22522
22523
22524
14336
30720
14339
14341
30727
30728
14345
6153
30730
14351
30736
22544
30737
22553
6170
30747
14366
22558
6174
6175
14367
22560
30754
14374
22567
6184
14377
6186
14382
6191
22575
30770
30773
22582
30775
30777
14394
6204
30781
30782
14399
6210
14403
14404
22596
30789
6218
30796
14413
14418
22611
14421
30805
22614
6230
30806
22617
14425
14428
6237
22622
14430
22626
30818
22628
14438
14439
30824
30828
6253
14446
6258
14450
14456
14463
30849
22661
6277
6281
6282
14474
22667
14475
30863
30864
22673
30865
6289
14483
14484
30868
14485
14486
6294
30873
14490
6300
6304
6305
22689
6306
14498
30884
30885
22694
30886
30888
14505
6314
14508
6319
6322
30899
6323
22710
6327
6328
22712
22716
22719
14529
6340
22725
22728
30922
14539
14541
30926
30929
30930
6354
22739
6355
6358
22743
6366
30943
14560
6372
14569
22762
6379
14574
22766
22767
22769
14579
30965
6390
14586
30973
14591
22784
6407
14602
14603
30990
6415
30994
30995
14611
6421
22806
22808
6427
22814
22816
22819
31017
22825
6441
22826
6443
14637
22831
14646
6455
6456
22840
14650
6458
6462
6463
22847
31044
31046
22854
6471
31047
14665
14667
6475
14668
22861
6478
6479
14673
22869
6485
31063
14680
14681
6503
6507
6509
31086
22895
6513
22898
22902
6518
22904
14712
31097
31100
31102
31109
14729
6537
14731
22928
31121
6546
31125
6549
14742
22935
31130
14747
31140
6568
14760
14762
31146
22956
22957
22964
14772
6581
31158
31159
22968
31161
22970
14780
14781
31166
22975
31167
22977
14787
22981
31174
6601
22986
22987
31184
22995
14804
14806
22999
31192
23003
31195
6620
31198
31199
31205
6629
31207
31208
6632
23016
31210
14827
14828
6636
14831
23024
31217
14834
31220
31224
14840
31226
23035
14844
6652
14852
6661
23045
31240
6665
23049
31245
31248
23056
6676
23062
6680
14875
23074
31266
6693
6697
6698
31275
31280
31285
23093
6710
6711
14903
6712
23098
6720
23107
6723
31300
14917
14920
23112
23113
31306
23114
23116
23118
14927
14929
31317
23127
31324
31327
14944
31328
6753
23138
31330
31332
14950
31335
23143
6760
23144
31339
6763
6768
6772
6774
14968
23163
6779
14977
6785
31363
23172
6789
14981
14983
31368
6794
31370
6797
14989
6801
23189
6806
23191
31384
15003
6812
23198
31391
6820
23206
6822
23207
15017
23210
23212
15020
6829
15025
6836
23221
31415
23224
6840
6844
31421
23230
15039
31426
31427
15046
31430
15047
23242
31436
23244
31437
31439
6863
15056
23248
6865
23250
23251
6868
15062
15063
15065
6880
23268
6885
15078
31462
23271
15085
31475
23286
15096
31481
23290
23292
23299
6916
6918
31497
31498
23306
31499
15115
15116
31500
6925
15117
31504
6931
15125
31509
15126
15129
6937
23321
6938
31516
15132
23326
31518
31525
15141
23333
23337
15148
6957
23346
31543
15159
23351
6971
31548
6972
23364
15172
23365
6983
15176
6985
6986
15181
6989
31566
15182
23378
6994
23379
23381
31580
15197
23390
23392
31585
23394
7011
15210
31595
23403
23405
7022
23407
7025
31603
15220
7031
31608
23417
15227
23420
7036
23423
15231
7042
23428
31621
7046
23432
15244
31630
23441
23443
15253
31640
7064
31642
23451
7067
31645
31646
23455
15263
23459
7075
7082
31661
15277
15278
7087
31663
31664
23473
15281
7090
23475
15284
7093
31669
7095
31674
7100
15293
7101
15294
23487
31681
15299
23491
31684
31685
15301
15302
23496
15307
15308
7117
7123
31701
7126
15320
15321
23515
7133
15331
23523
31717
7141
15334
31720
23530
7147
23537
31730
31733
23541
31735
7159
23546
15355
31741
23551
15360
31744
31745
23554
31746
15363
31753
23562
15374
7185
15379
15385
31772
15388
7198
31776
23585
31778
31779
7205
7206
31786
23594
7211
7214
15406
31791
31792
7217
7219
23604
15414
7223
23608
23610
23611
31805
23613
7230
23614
15424
7234
23620
23622
15430
23623
7242
31819
7243
31820
7244
15437
23630
23638
15449
31834
7259
31836
15453
7263
15457
15458
15460
23652
15461
7272
7273
23659
15470
15471
31855
7281
15476
23668
7284
31861
7286
31862
15479
23671
15481
23675
15486
15492
15502
7312
31891
23700
31894
23704
15512
23706
15519
15522
23715
7333
23717
31909
31911
15527
23721
15531
31921
23730
31924
15542
7351
31929
15547
7355
31940
23749
15559
31946
7370
7372
23759
15567
31953
31954
7380
31958
31959
23768
31964
15580
15581
7389
15582
15584
23776
15585
7394
23779
7396
31973
15590
31979
23791
7410
15604
7412
23798
7414
23800
7417
31998
15615
31999
15616
7426
7430
32009
32010
7435
32019
32021
15637
23831
7447
15640
7449
32026
7450
23834
15643
32033
7458
15651
7461
23846
23847
15657
15660
32045
7473
15667
23859
7478
15673
32058
7483
15680
23875
15686
7494
23878
23881
15690
7499
15691
7500
15692
32076
7502
23889
15697
32081
23892
15702
23895
7511
23896
7514
23900
32092
32093
32095
15712
15713
7522
32103
23913
7530
23917
15727
32113
7540
15732
32118
32120
32121
32122
15744
32130
23940
15750
32135
23944
7561
23946
32140
23948
23949
23950
32144
32147
7574
15768
7576
7580
32159
32160
7584
7586
23970
15780
32166
15784
7593
23977
23978
7595
15794
32179
23988
7604
7605
7606
32182
32183
15799
15801
32188
15805
7613
32191
32192
7616
15810
15818
32203
24014
32208
24017
7634
15828
15829
24021
32215
7641
15835
7644
32220
7645
15838
15839
7648
15841
7650
15844
32228
7653
32229
7657
15851
15855
15856
7664
15857
7667
24052
7671
7672
32248
7675
32252
7677
32253
15870
32256
32257
32258
7685
7690
24075
32268
32269
24078
15887
7695
32274
7699
32276
15896
32280
15901
7711
24099
32295
7719
24105
32298
15915
7724
24108
7727
15919
7730
15925
32311
7735
24127
15938
24132
32324
7750
32326
32330
7756
24142
24143
7763
24147
15957
15959
24152
15962
24155
15963
24161
24164
32357
7782
32358
24167
24168
7784
24173
7791
15984
24178
24179
15987
32372
7797
15989
32375
7802
7804
15996
32381
7805
15999
7807
16001
24193
16004
32390
32391
7815
16007
7819
16013
7822
32398
32399
24208
32400
16018
32403
7827
16021
32406
7831
16024
7834
24220
32416
16032
7841
24226
24228
16039
7854
16046
16047
7857
24245
32438
24247
32439
7865
32442
7870
24254
7874
32456
7880
32458
32459
32461
24273
7890
16083
32469
7894
16087
32473
24284
24287
7905
32481
16098
32485
16104
24296
32490
7915
32492
16110
16111
24303
32496
32497
24306
7924
16121
7929
32508
24318
7935
16128
24321
24322
16132
7943
24331
16141
32526
7953
7956
7957
24342
24343
16152
16153
7961
32538
7963
7964
24349
7972
16165
16167
16170
32554
16174
24366
16178
16179
7989
24373
24374
7992
24376
16189
32573
7999
8000
32576
16194
16195
32582
8006
8007
8014
16207
32592
24400
16211
8019
32598
8025
8028
24415
8032
8035
16229
8040
32616
24425
24427
16236
16240
32627
8053
24438
24440
32633
16250
32635
24445
8062
32638
16256
8066
32642
16263
8074
8079
16273
24467
8085
16277
32661
32663
8087
8089
16281
32666
24474
32668
32669
24478
16287
8097
8098
16291
32678
16295
32682
16299
24492
24495
8111
16304
24499
24500
16313
32699
16316
24509
16321
24518
8135
16328
16329
32714
16330
32715
24523
24526
32718
16336
32721
8146
8147
16339
16341
8151
8153
16346
8154
16347
8155
32736
8164
32743
8169
16362
32751
16368
8178
24564
32762
24570
16379
24573
24574
9
432
0
178
211
442
477
221
14
143
