787
2048
2
6147
2053
6149
7
2057
12
6162
20
2069
2073
2075
6177
6180
4133
38
2086
2087
2091
4140
55
2103
6199
4152
2108
6211
68
2116
2119
6215
4169
2122
4171
6219
2124
2126
4180
6230
4183
88
4185
4186
91
2141
4194
2151
104
2153
6249
2155
4203
108
2158
4206
6255
6256
113
114
2164
2168
4216
2169
6267
4220
125
4221
4223
4224
132
2181
2185
139
6283
2195
4244
6293
2199
4254
6302
6304
6305
162
4258
6309
4263
4272
6321
179
6325
2230
2231
6327
6329
6330
4283
4284
6332
191
6335
194
6339
196
4295
200
2250
2252
2254
207
2257
4305
4307
2260
4308
214
4311
6360
219
2270
2274
2276
229
4327
4328
4330
2285
241
4338
243
4339
6388
6392
6394
4347
253
2302
6401
2306
260
2309
6405
2314
4362
2315
2316
4375
2329
6427
6428
286
2335
290
6434
291
6435
292
2340
299
6448
305
6450
4407
6455
316
4412
318
2367
2369
4418
324
325
2373
2376
4425
330
4435
2388
2394
4442
349
2399
354
2406
2412
2415
4468
4469
2422
4472
4474
4480
4487
4489
395
4492
401
2453
413
426
2474
2481
2493
446
4542
447
452
4552
463
4561
4563
471
474
4570
4573
4580
4581
4583
488
2538
2541
4590
2545
498
2550
2553
2554
510
512
2562
4614
530
532
2587
541
2591
4640
4646
2600
561
565
566
4665
4670
2624
579
2629
590
2641
2642
2645
599
2648
2651
4699
4701
2655
608
612
2661
4713
4715
2668
4719
2677
636
2685
4736
4739
2694
4742
4743
655
657
4754
661
4757
4758
4761
667
668
669
2717
2721
674
2722
2723
676
679
2727
4777
2731
4790
2751
2755
4803
2760
2761
714
4811
721
2775
4823
2780
4832
737
4836
742
2791
2793
2794
4842
2802
2803
756
4859
764
2813
768
2816
773
2821
4870
775
4874
2830
4883
4890
4891
797
801
803
4899
804
805
4902
808
2857
2869
822
823
824
4921
828
829
2879
834
2890
844
4947
4949
4953
4954
2914
4963
4971
883
2938
4986
892
2940
2945
2949
2950
5001
2957
2959
5011
5016
5021
929
932
2980
2985
939
940
5044
5049
5052
962
969
3020
3021
5069
3023
5075
3028
981
984
5080
5084
996
3048
1001
1007
3055
3067
3072
3073
5123
3077
1030
5128
1033
5130
5131
3086
3087
3091
3093
3096
5145
1054
3104
1059
5157
5158
3111
5166
3121
5169
3126
5174
5178
1089
5189
3147
3148
3153
3157
1111
3159
3161
5209
5213
1118
1122
5223
1128
3181
3186
5236
5237
5239
1145
5242
1151
3202
3206
3209
3215
5265
1170
5266
3219
1172
3222
1177
5273
3226
1179
5276
5278
1189
1193
3242
1197
1198
3246
1204
3252
5303
3256
5307
1217
5320
3275
1228
3281
3284
1242
5343
3299
3301
3302
5350
1255
1258
3306
5358
1268
5365
5366
1271
3322
3323
3325
1281
3331
5379
5384
1290
5387
5390
3343
1301
3356
5404
1310
1311
5408
1314
3364
3366
5416
5419
1324
1327
5423
5424
3378
1333
5439
5440
1346
3404
1359
1360
5459
1365
3413
5461
1366
5464
5465
5470
1376
5478
1387
1389
5486
1397
1399
3448
1402
3452
3453
3455
1409
3457
5507
1413
3461
3464
1417
5518
5523
3477
1432
3482
5531
1436
5536
1452
1455
1461
5557
1463
1466
1482
1485
5583
3536
1491
1495
3544
3545
1502
5601
1508
5610
1515
1521
3571
1524
3573
1529
3577
1531
5627
3582
5631
5633
1538
5639
1544
1549
5645
3600
3601
3602
1556
1558
1561
3609
3610
5660
5662
5666
3619
1572
3626
3628
3633
3644
5694
1600
3654
1608
5704
5706
5707
1613
1615
1616
3665
1618
3667
1620
1621
5717
1632
3681
5737
3690
1644
3693
3695
5745
1655
5754
3714
1667
1668
5766
5768
1673
5775
5793
1699
5796
1704
1705
3755
5805
5806
3760
1713
3762
5825
3780
3783
3790
3794
5842
5843
3797
1750
3798
5852
3809
3816
5865
5866
5868
5871
5872
1777
3826
3827
1789
1791
1793
5890
3844
1803
1806
3855
5904
5908
5911
3865
3876
5924
1829
1834
3883
5935
1844
3893
3897
1855
1856
1857
3905
5953
1859
1860
3911
5959
3913
5961
5964
1870
3918
3919
1873
5970
3924
1880
5977
1882
5978
3933
5981
3934
5983
5985
1890
1892
3940
5988
1893
1898
1902
3950
3953
6002
1911
6007
3965
6016
3969
3973
6021
1926
1929
3977
1930
6027
6028
1933
6035
6050
1955
6057
1964
6063
1972
6071
4025
1984
4034
1988
6084
4043
6091
6096
2008
2010
6107
4060
6109
2019
2020
2027
2029
4077
2032
4081
6130
2035
6131
2036
6132
6134
6135
6137
3
16
85
27
