1128
10146
7887
12400
5631
10141
1116
3370
7877
7876
1111
5620
3364
1108
7874
14642
10128
14639
7865
12377
12373
5599
12366
3341
3340
14618
7848
1078
10098
7842
14610
10096
3328
3326
14602
7830
14597
1055
12334
14589
7820
7819
10074
14585
12326
5556
5555
3299
3298
12320
5551
1035
14570
5544
3286
14566
14563
5538
10049
14560
7781
3267
1009
14541
5516
7769
3257
14537
5512
10021
997
10018
994
992
3244
7751
7748
14516
9999
14510
7741
9995
7738
7736
9987
3220
964
14500
7731
12241
9974
949
3203
9969
945
3198
12221
5452
7705
938
5449
5446
3190
7700
12205
5436
5435
921
14456
7683
14444
9928
12182
9926
3156
899
3154
14433
895
3149
3148
5400
884
12162
12158
5389
9896
3129
9894
3125
14406
14405
12145
14398
7627
859
858
3110
854
9875
851
850
5359
14381
9865
7609
3097
12120
836
14366
829
827
3080
825
14360
823
821
819
5324
14347
5322
3063
9827
805
7571
14339
14338
14334
7566
12077
5307
5306
14324
7557
3044
784
9806
14314
12057
14307
7539
7538
5280
12047
14299
14298
764
9786
762
3016
759
12038
7525
756
14291
752
5262
750
12028
3003
12024
2994
12016
12015
7499
7497
14261
14258
719
5229
2973
11993
9736
5222
710
11989
706
14241
5216
702
9724
9723
11976
2953
9720
11971
9718
9717
2948
11970
7457
7456
5200
14222
14220
2940
7451
11961
7444
9699
5186
2927
7438
9693
7436
9691
9687
5175
14195
659
2913
14187
7422
2909
653
7417
651
2905
2904
648
9671
7407
14174
9660
14167
7398
5142
14159
14157
14154
9646
7389
11900
9642
9640
5129
616
11892
14147
7377
11888
11887
5118
2861
11883
5112
5111
9622
5109
9618
9612
7357
5100
585
581
2835
14112
2824
11847
11845
565
11842
7328
2816
5069
2813
5067
14090
9575
5061
11828
9568
11822
9563
7307
9562
2793
5048
11810
14064
14062
527
2782
7289
518
7284
5027
2769
9536
11791
11784
7270
9524
500
5009
5007
2743
7249
2734
2733
7244
11755
11754
7236
2723
2718
9479
11734
13988
2708
9473
13984
7215
4954
7208
2696
11718
4950
7205
4942
9452
426
2678
11699
11697
2673
11696
2670
13949
2667
11688
2664
9430
403
9426
2657
13928
393
9416
9414
9411
13920
7153
7152
383
11662
7149
11658
2634
2632
4887
13910
7138
4880
4879
366
13899
7131
13897
11641
359
7124
356
9377
2609
9374
7115
9369
2600
11616
2591
335
9358
7099
331
327
2582
13861
13858
11603
13854
11601
7088
7086
318
4829
314
13848
7079
9331
9327
4815
303
13834
9322
4810
13831
11576
295
13829
7059
4803
13818
2537
11560
4790
9298
7042
2528
7039
11550
11549
13802
4779
9290
11545
9287
11541
4771
9279
13787
11524
11518
11517
9269
4756
9266
9265
9264
4752
2495
11516
4749
9259
7003
7000
9253
11507
9250
6994
4736
224
9247
2478
4733
9242
13752
2468
9229
4713
201
11480
193
11470
2445
189
4699
11460
4691
13713
13704
9194
6940
6939
171
2426
2425
13703
4679
6934
6932
4676
6930
4674
159
9178
13686
2406
9173
11428
146
6913
4654
142
13677
2395
9156
13667
2385
129
2384
9148
13659
13658
9142
2374
13647
13646
4622
13644
9132
107
13642
6872
4613
13636
99
13631
97
9120
9119
6861
2349
9116
13627
13626
82
11359
13613
77
2325
6834
13590
6820
4565
52
9075
50
11326
6815
6814
45
11324
11322
6810
11317
4552
9062
6806
11315
36
35
4546
33
13563
28
9050
26
4535
6789
4532
6787
13549
4524
6778
10
13543
13542
9026
11280
11279
2255
9022
9017
9016
9015
13523
6753
2241
2238
2237
4490
2234
11257
2222
11243
4472
2215
2213
13491
13489
2207
13486
4460
11221
2196
2195
8962
8961
2190
8954
8951
6695
2183
6693
4437
2180
8947
13456
11198
11197
2173
6683
13448
11191
4420
13443
13442
4410
6665
6661
4403
8913
8912
8911
11165
13416
2137
4392
13415
8902
8901
13410
11154
8897
11150
2125
11148
11147
8888
6630
4375
2119
4374
11134
8881
8878
2112
4367
2110
2108
13383
8870
8858
2090
13365
8848
13353
6581
4325
13348
13346
13342
2062
4312
4310
6561
4304
13323
8811
2041
11065
6552
11062
8806
4292
6547
2032
13311
8796
6541
6540
4282
11044
11043
6527
13290
8777
11031
13285
6514
4256
1996
11019
8761
8755
6498
11007
6496
8751
6493
6492
8745
4231
10996
1967
4221
10985
8728
4213
6466
1952
6463
4207
8718
10973
10970
8712
4198
10963
6447
10952
1925
1923
13201
4177
1919
8687
8686
13197
13184
1902
1892
10918
13171
6403
4147
1889
1888
13161
8653
4142
6397
6396
10907
8648
6393
6392
1877
6389
1872
6383
8634
4120
6373
1858
4115
4114
13136
8623
8618
1846
10871
8614
4095
6351
13118
10860
6346
1828
1826
10846
4073
10840
10839
8581
13091
1807
8572
8571
10826
10824
1797
1794
10818
10815
6304
6303
1790
4042
8548
4035
8546
4024
13047
4014
6272
10783
10782
1757
6268
13034
10777
6264
10772
6260
6254
13014
8502
3989
6242
10751
3981
1721
10740
3971
3968
1710
12991
10734
6222
8475
12985
12982
3957
12974
3943
8453
6195
12962
12960
8443
3924
10692
10691
10690
6175
12942
12940
1659
3914
8422
3909
3905
10672
3903
12926
3898
8410
6143
3887
8400
12910
10654
1628
12906
12904
1621
6127
10639
6125
1608
12884
10628
10627
8371
8366
6108
12876
3851
6099
10609
12861
8349
1579
8346
6084
6077
3820
3814
1559
12839
1558
10581
1553
8316
12822
8309
8308
10563
3793
10560
6039
8295
1524
10547
12802
12799
6029
8285
6027
6025
3769
3767
8278
10533
1505
8271
10524
3753
12776
8265
8264
1493
10515
12770
6001
5998
10511
5994
1485
3740
3738
8250
1476
10499
5982
5980
10489
8232
8229
5970
10483
1457
12737
10479
10475
5958
3701
12722
10465
5951
8200
3686
1429
12709
8196
3680
12699
10438
8181
14948
14946
10433
12680
14933
5908
1395
10417
14926
10412
1387
5891
12663
1381
1378
10404
14915
10402
8141
8138
1367
8133
12645
1364
5874
14898
14893
8124
14889
12633
8120
5859
5858
3602
10370
5857
8112
8108
12619
14873
1336
10359
12614
14865
8095
1326
5832
1320
1319
1316
14848
12592
14847
12589
10329
3558
12580
12579
5809
3553
3548
10315
12567
12552
10296
12550
8035
10282
3512
3511
12534
8021
10275
5758
12528
3502
14782
8012
10267
14778
10263
3492
10257
14767
5740
1226
1225
12504
12502
10247
10246
1218
12498
10242
12496
12494
5724
1210
7976
12484
14739
1202
10223
3456
3455
14733
14731
5703
1192
1191
1189
12469
7956
1186
14720
3437
14716
7946
7945
12456
10194
10191
1166
3420
10187
14697
5671
7923
12434
14686
12428
3403
3399
7906
12419
3394
7904
12416
5647
1132
7899
7896
7895
3384
12407
1125
3380
12403
3
221
251
14
