4391
32769
32770
16387
24579
24580
16391
32775
8200
24584
9
24590
32783
32784
8210
16403
8213
8214
24
16409
24606
16416
8225
34
8226
8227
24612
37
32805
32808
42
8235
49
16439
56
32824
16441
8253
16445
8256
32833
16450
24645
32838
24647
72
73
24649
24651
24654
8272
83
24660
32852
86
24662
24663
24665
32859
8285
8287
16479
32865
8291
16485
16486
32870
24679
32871
8297
8299
24684
113
16500
8309
24694
8311
8312
8313
126
32897
24707
32899
132
8334
144
146
147
32917
8344
24730
8348
24733
8350
8352
32939
173
16558
24751
16560
32948
190
8382
16574
8384
32961
195
16579
32967
203
16587
24779
204
209
211
16595
24787
16597
8406
16598
16603
220
24796
221
8413
16608
16609
16612
24804
8422
16615
16616
33000
24813
8432
247
8440
8441
16635
33019
8447
16639
24832
33026
8451
260
24836
8453
267
16652
24845
8462
8463
272
33042
33044
24862
8479
33056
33058
292
8484
297
16682
8492
8493
8499
313
8507
319
8512
24896
33088
321
8515
24901
24903
333
33101
24910
335
336
339
16726
347
33115
33116
33118
33119
357
8550
24936
33129
16749
24941
368
16753
379
8573
16765
8576
386
391
8584
8586
16779
24972
33164
16785
402
24979
408
8600
33181
8606
16798
418
8610
33186
16807
25000
427
33195
33196
8623
16818
25010
33203
25012
438
16824
25016
33212
16837
8648
8651
33228
461
33231
33232
25042
25043
33237
8665
8668
477
33247
8675
25063
25064
33257
33258
493
8687
33263
8689
25073
33267
502
8695
25080
8699
16892
16896
8705
25089
516
16900
33285
518
519
520
8712
16904
8714
33292
525
33295
528
8720
16912
529
8721
16913
16914
33299
33300
8725
33301
534
537
8734
25119
16934
16936
25128
555
557
8749
558
25135
16946
563
33333
8759
573
575
8768
577
8771
25156
583
33355
588
8780
16972
589
16975
33361
8787
8788
33364
16982
599
33368
601
16985
33373
16990
16992
33376
609
25185
33380
16997
615
8807
16999
33384
25193
33387
620
622
33391
625
8821
25207
632
633
33404
17023
8832
33408
17026
25218
33411
8837
25221
33414
8839
650
651
17036
33420
33421
8849
658
8856
33433
17054
672
8864
673
674
33444
8871
8873
33449
33450
8875
25260
689
8881
8884
17081
17082
8891
25275
700
8892
25276
704
705
706
707
25283
33485
8914
17106
25302
17111
25303
728
8922
25306
33501
33502
735
33504
17121
25313
33511
33513
33514
33515
17133
33519
8944
33520
753
33523
17140
763
8955
764
25340
33532
25345
25350
777
17162
8971
8975
25359
33551
8980
25364
8981
25365
17174
25368
33560
793
17177
33563
33564
8990
8991
17184
802
33570
25381
17190
808
33576
33577
17194
17196
17197
25390
9010
33588
33589
822
17207
9018
9021
33599
17218
9028
17222
25415
840
9032
17224
17225
33611
25420
845
846
17231
850
17234
853
9046
855
9047
33624
9051
33632
17249
33633
9058
33637
9063
9064
9066
25451
9069
25454
9074
17266
25458
25461
17271
25465
33657
17276
25468
893
17277
25470
33662
33668
901
25477
902
17286
25478
33670
25481
25482
910
17294
9103
9107
17299
25491
17300
25498
9115
9116
25500
33694
9120
939
17324
943
17327
33711
17330
17332
25524
33716
17333
9142
25527
25528
33723
9149
9150
33727
17347
9157
25541
966
33738
17364
25557
17366
33753
25564
989
9181
25565
990
991
25567
992
17379
25572
1002
33770
9195
33772
9198
33774
25583
9201
25586
33779
17396
9205
33781
1017
1019
9211
17405
1022
1023
17408
9218
1028
33797
1032
25608
9226
17419
33804
1037
17422
9232
9239
1049
25625
1050
9242
1055
17439
25633
33828
9253
17447
9259
1069
9261
33837
17454
25646
25648
33843
25659
1085
25672
17481
25673
9290
1099
9292
9299
25685
17495
33881
1115
17504
1123
9316
1125
17511
33895
25706
17515
17516
1133
33901
1136
33904
17521
1138
17522
25716
9333
25718
33911
9337
33913
25727
33920
33921
25734
9351
25736
1163
9356
25740
25741
17550
33937
9364
33940
25749
1174
25755
33947
33950
1186
33954
1192
9384
9385
9386
9389
17581
17584
9393
33972
9397
1206
33975
1208
9405
17598
9407
9408
17601
25793
17602
9412
9413
17605
9415
25804
1230
33998
25809
34001
34002
9429
9432
17624
25819
9436
17628
17629
25822
34014
17631
17633
25827
1252
1253
25829
34023
1256
9448
9449
9453
17646
1265
34033
17652
9461
34037
9462
34039
9464
9466
17658
34050
9481
25865
17675
34061
9488
25876
34071
9497
9499
17692
17695
17696
25888
34080
17697
25890
9507
17699
34086
17703
34087
9513
25897
34094
9521
9523
17715
34099
1334
9526
34102
17719
17722
9531
1340
1342
25918
17727
34111
25920
34112
9540
34117
25927
34119
17736
25928
9545
17738
34122
25932
9549
25937
34130
34131
1364
17749
17751
34137
25946
1371
34142
17760
1383
9577
17769
34154
1390
9587
17780
9591
17788
17789
1409
34177
25986
17796
9607
34184
17801
1418
9611
9612
9615
9617
1428
34196
34200
17819
34208
9633
26018
34213
26023
34215
1448
34216
1449
1451
17835
9645
17839
17841
9650
1462
9656
26042
34245
34246
17865
9674
9677
26066
26067
17879
26071
26072
9692
1503
17890
26084
34278
1513
26093
34285
1519
34287
17904
26096
26097
34291
1524
9716
17911
1529
34306
34309
17930
26122
1547
9739
17932
26125
17937
1555
34323
26135
34327
17945
26137
34333
9760
17953
34340
9765
34342
1576
17960
17962
26157
9783
1592
17977
9786
17979
9788
17980
1598
9790
26174
1599
34369
1603
26179
34371
1607
34377
17998
18001
1619
1622
34394
1627
9819
18011
9821
34397
9822
34398
9823
26207
18016
34401
9827
9828
34404
18021
34407
1643
26220
18030
1647
26227
34427
18045
9858
34434
9859
1670
1677
34445
34446
1680
18066
34450
18067
26260
26266
1692
9886
26270
26271
18084
9896
18088
26280
18089
18090
9899
26283
34478
9906
1716
9908
26292
18102
34487
1721
26298
9919
26303
26305
34498
9923
18116
9926
34502
9928
9930
26315
26316
9936
18129
9939
1749
9941
9945
9947
34525
1759
26335
34531
18151
26344
34536
9963
18160
9971
26355
9972
18164
1782
18168
26360
34552
18174
34558
18178
1795
9987
34564
18182
1801
1803
10000
10002
1811
34582
26394
34586
26395
1824
34593
10023
1832
10026
34603
10028
26415
18224
1844
10036
1845
10038
1848
1851
34620
26430
26431
26435
34628
26437
34630
18247
1868
10063
1876
26456
1884
18269
34653
10078
1890
10082
26467
18281
34669
26478
34672
10098
26485
34684
18304
10113
34689
34691
34694
26503
1928
10122
34699
10127
18320
18321
26513
34707
26517
1943
26519
1946
26522
34714
34715
26525
18334
1952
26529
34723
34726
10153
18345
34731
18351
34736
18354
34739
18356
1975
10167
18360
1978
10171
1981
10176
18372
34756
34761
1994
10186
1995
34764
26573
18385
26579
2008
2009
26585
10204
26588
10205
34781
18400
18402
34787
18405
26597
18407
26600
10218
2029
18417
34801
18418
10227
26611
18420
26612
26613
34805
34806
34808
10234
26618
26619
10238
34814
26624
2051
18437
26629
10247
2057
10249
34826
18444
26636
34830
26639
18449
18453
18454
2072
18458
2076
26652
2079
34849
10274
34850
2084
34852
18471
26663
34855
18473
18474
10283
18476
26668
2093
2094
18481
26673
2100
10292
26683
2113
18498
26690
2119
10311
34890
10316
18508
18511
26705
18517
10330
26720
26722
34914
2148
10340
26727
18536
10345
26729
2156
2158
2160
2167
26743
2171
2173
34941
2175
18562
18567
10377
18569
26762
34954
18572
34957
2192
18578
34962
34964
2197
10391
2202
2203
10395
18588
26780
2205
18590
2209
10402
2211
18595
26789
18601
18603
34987
34992
2225
10417
26801
26802
10421
35002
2235
26811
26812
10429
18621
18623
2240
18624
26816
10434
35011
26821
26822
2247
26824
35016
2254
35022
10453
10455
2265
35035
10461
35038
26848
2278
18662
18664
35048
18665
2282
18667
2286
18670
18671
18672
10481
10482
18674
2294
10486
35062
18679
35064
10489
10490
35068
10493
35071
2305
26886
2314
18701
2320
26899
26900
2326
10519
26903
35095
10520
26906
35098
10524
2333
35106
26915
2347
35118
2351
10544
18737
2355
10547
26931
18740
35125
18742
26934
18746
10555
26942
10560
2370
18754
18756
26949
18758
10567
2376
10568
26952
35145
26955
10572
18764
10573
18766
35151
2385
10578
18771
35155
10581
35157
35159
10587
18780
26972
35168
26979
18788
35182
2422
35192
10617
27001
2427
10621
35197
2431
10623
35199
2433
2434
18818
27010
35202
10627
2436
2437
35209
18828
2447
35216
10642
18834
35219
35220
2454
18838
27030
27032
10649
35226
2460
10653
10655
10659
27045
10662
10665
27049
10669
10671
27055
10673
10674
35250
2483
10675
18867
35253
18870
27062
27064
18873
27066
2492
35262
18879
18881
2498
10693
2503
27079
2504
35274
18892
27084
27092
2518
10710
27094
27098
27099
35292
10718
35294
10719
10722
35300
27109
35301
18919
27114
2541
2542
10735
10737
27121
35313
18930
35316
18933
2550
10744
18937
10747
2556
18942
35328
2562
35331
10756
18951
27145
35337
2570
10762
27146
18957
35342
2577
35345
2578
35348
10774
10775
27161
10782
27166
10784
2595
10789
10790
18983
35368
27177
10794
18987
35375
27184
27187
10813
10815
10817
19009
35402
2635
10827
19022
2640
19024
35414
2647
10839
2648
35421
2654
10854
19047
27240
19051
35435
27246
10867
19059
10869
2678
27254
35450
2683
2684
27261
10879
19076
10885
2698
35470
10901
35477
2710
10902
2712
10904
35481
27290
2715
19100
27293
10910
2723
10916
27300
2726
27302
35494
27306
19115
2732
10924
35500
35502
2736
19121
19122
10931
2740
19124
2741
19125
35510
2745
27323
2750
10942
19134
35522
27332
10949
27333
27334
10952
2761
19145
35530
2767
35536
10962
2774
2778
27355
10973
27358
19169
2786
2788
10983
10984
27368
10985
27369
2794
19178
2801
19185
35569
10995
27380
2805
2808
27384
35576
35578
35579
2814
11006
19198
11017
19212
27405
19214
19215
11024
27409
19219
27411
19222
35607
27419
35611
2845
11039
2849
11044
35620
2854
11046
2855
27431
19241
35628
19246
27438
35638
19257
2874
2875
11067
2876
11069
11071
19267
2885
19272
35656
2892
19277
11086
27470
19279
35663
27474
35671
35675
2909
35679
2912
2913
11111
11112
27497
2926
11120
19312
11121
19313
35697
27507
19318
27510
2935
11128
35704
11129
11131
19324
35708
27519
2944
27520
19329
35716
11141
35720
27529
35723
2956
11150
19343
2960
2962
2964
27544
35738
11163
2973
27556
35748
11173
19365
35750
27560
35754
11180
11181
35759
2995
11187
2997
11191
11192
3003
3007
3011
27587
11206
27592
11211
11212
19404
3022
27599
11219
27606
19415
11224
27608
3035
3036
11229
27614
19423
11233
27618
3043
3044
3046
27622
3047
19433
3050
27627
27630
3060
19445
3063
19448
35832
27642
3067
19451
35835
19457
35841
3076
19461
11271
27656
11274
35850
35853
19471
3088
19474
35858
35864
27673
11290
11293
27681
35876
11305
3116
11312
27710
3135
19524
27719
11336
27724
3149
11342
19536
3154
19538
19547
19548
35932
11358
27742
19551
27743
19555
27747
27748
35943
3177
27753
35949
35951
3184
35952
11377
19572
19573
19574
35962
27775
3200
11392
3201
11393
27778
27780
3208
19594
27786
19595
3212
11405
19599
3218
27794
11411
35987
11412
3222
27800
11418
35995
11422
35998
36000
11425
36002
11431
11432
3241
19625
19626
19628
19630
19632
36018
11444
11445
36021
11446
19639
36023
11448
36024
27835
3261
11454
11455
36032
19649
19650
3270
19654
19656
36041
36042
27852
36045
19662
27854
36046
27859
3284
27864
11481
11482
19674
11486
27870
11488
11490
11494
11497
3306
27882
36075
3308
3309
36081
27891
3318
36086
11512
36088
27897
11515
19707
11516
3327
11520
3333
3336
27912
3339
27915
27916
3342
11539
36116
3349
27925
36118
19735
27929
3357
36127
19747
11556
19749
11563
19758
3376
19761
36145
11570
36146
19763
3381
27958
11577
19769
27962
19772
19775
36160
27969
19779
3398
11594
27978
19789
27983
19792
27985
27986
3417
19802
3420
11612
36189
27998
19809
11618
36194
28004
19813
36198
28011
3438
3443
3444
19830
36214
11641
3451
3453
3454
28031
3457
19843
36228
11655
36231
19848
36233
3469
11662
36239
11664
3474
19858
19859
11668
11670
19865
36251
11677
19870
11679
3488
19872
36256
11682
19875
36260
28071
36263
11688
11692
11693
19885
3504
3506
19891
11702
28086
36280
28091
36285
3519
11713
28107
36300
19917
11728
28117
19927
19928
28124
36316
19934
3551
11743
19935
36319
19941
28136
28140
28143
11760
28144
3570
11766
28150
36344
28153
11771
36347
19964
28168
19979
3596
11793
28178
3603
11795
11796
19988
28181
3606
19990
28182
11802
3611
36379
36382
28193
36385
28194
28195
20005
3622
11815
28201
20018
11828
28215
36411
3647
36419
11848
20042
3659
11851
20043
28236
28238
11855
3664
20051
11861
36437
28246
28249
11867
3676
36445
20064
3681
20069
11880
28264
20073
20083
36467
36469
11894
20086
20088
36472
3706
11898
28282
20091
36475
20092
28284
36476
28285
28288
20097
3714
11908
20100
3719
20104
36488
3721
11913
28301
11918
20111
36495
3728
11925
20117
3736
11933
3742
36510
3743
28319
28320
20132
3754
11946
28330
11947
36523
20142
11954
20147
3766
36536
11961
20153
20155
36541
20159
3776
28353
11970
36547
36553
3786
28362
3787
36555
11980
20176
28368
11987
11988
28374
11992
11994
36570
11996
11997
28384
20193
36577
3810
3811
12005
28389
36583
28393
28394
28396
28401
20210
20212
3831
36600
12025
20217
3837
28418
36610
36613
20230
36615
28424
36616
20234
28426
3851
3857
28434
12054
20247
12056
36632
28441
12059
28444
20256
36642
36647
3880
3882
12075
36655
36657
28466
3893
3894
20278
28470
36662
36664
12089
28474
36666
36668
28478
20287
3904
3906
28482
3908
28487
3913
28490
20301
3919
12112
3922
3923
36691
20309
20315
36701
20318
28510
12128
3937
36706
20324
20326
3944
12136
20332
3949
28525
28531
12149
36729
3962
12154
12156
12158
20351
3968
28544
12161
36739
28550
36745
12171
28556
3981
3986
20375
12184
28571
12188
3998
12190
28574
20384
20386
20388
12198
28584
4010
12202
36778
4011
12203
28588
12206
4018
12212
36788
20406
20413
28607
20418
28610
12228
28613
4040
36809
12235
28619
36811
4044
36813
12238
28625
36820
28634
4059
12253
12254
36831
20448
36832
36833
4066
36837
12262
4071
36839
12264
4073
4075
28652
28659
12277
4087
12280
28665
20476
12286
28676
20485
36869
28678
4103
12296
12297
12298
12300
28687
4112
20496
4117
12311
12317
20509
4126
36896
28705
36903
12330
36909
28718
36912
4145
20529
4147
36915
4149
20533
28726
4152
36921
20538
20539
28734
36928
4161
12358
12362
12367
12368
12370
4182
36950
20568
36954
20574
28767
12385
36961
28774
12392
20584
4202
12394
20586
12400
28786
12403
20597
36981
4215
28792
12409
28793
28796
36989
12414
28798
12419
12420
4232
20618
12427
12433
4242
28822
12443
4253
28829
4256
28832
12449
12450
28834
28835
28837
37029
12454
37031
37032
12459
28843
4269
4270
12463
12466
28851
4276
12472
28857
4282
4283
12477
20669
28863
20672
37057
37059
12484
37062
12487
20679
37067
28876
28877
12494
20686
28882
12499
37076
12502
12503
28890
37083
12509
28893
12511
12514
12515
28899
20708
28900
37092
20709
4327
28903
28904
4329
28907
12526
20718
28911
28913
12530
37106
12532
4341
12533
20726
28918
37111
4350
12544
28930
4358
12550
28935
4362
12555
20748
12558
20751
28943
4370
4371
20755
28949
12567
37144
20762
28958
28961
37155
28966
4395
4397
20781
37167
37168
28978
20787
37171
37172
37173
12598
4407
28983
12602
20798
37183
28994
28995
12612
20805
12617
4428
4429
20814
4432
37200
20817
4434
4438
29014
12633
29017
12636
20828
37213
4454
12646
4455
20839
4456
20841
29033
20842
12658
4468
29044
37236
4469
29046
37238
4471
12663
12664
29052
29053
4478
20865
29067
12684
29068
12685
29071
12688
37264
12689
12692
37272
37274
4509
29085
20894
4514
37283
12711
4520
20904
4521
20905
4523
4525
4527
37295
29106
37298
37300
29109
12726
20919
37303
20927
20928
20929
4549
29125
37317
20934
37320
4555
12747
37323
37327
12758
20954
29146
37338
20958
4575
29152
4579
20963
20964
4582
37352
20969
37354
37357
4591
20975
12785
4596
12788
20981
20982
29174
12792
37368
12793
12795
29185
20994
4612
29191
37385
12810
37386
21008
29201
37394
12819
29205
37402
12828
4637
29213
37411
29220
21030
12842
4652
12848
37425
21042
29234
37427
12853
4663
21048
29240
12857
4667
12860
12861
29245
29246
12864
21061
12871
12872
21064
4681
29259
37452
29262
12879
21071
12880
4691
37459
4692
21076
37461
21078
37463
4699
21083
29275
4704
12897
37474
29287
37479
12906
37482
29292
21101
21102
12912
21104
12913
21107
37492
4726
29306
4738
29314
29320
12942
21135
37519
12946
12947
37524
12949
12952
21145
12957
37533
4766
12958
12964
21156
21158
12968
29352
4777
29354
29356
37548
29357
21168
37553
4787
37555
21175
12984
21180
37564
12989
29375
21184
12996
21188
12997
21189
37573
29385
29386
37584
21202
29394
4819
21206
21208
13018
4828
4829
37597
4831
29410
29411
29416
37609
4842
37610
29421
21230
4847
4848
29424
21237
29430
29431
29433
21242
4859
37627
21247
21248
37633
13059
29443
29444
13062
4871
21260
4877
29457
4883
21270
21273
4895
13088
29472
4898
13091
21283
21285
37669
4903
13095
13099
13101
21293
37678
21295
4914
21306
37694
29507
37699
13125
29513
13134
29520
21331
4951
4952
21337
37721
29530
29531
4956
4957
4958
29535
29540
4965
29543
37735
21352
37739
4974
4976
29552
29553
4980
21366
37752
4986
21370
13179
13180
37758
4991
37759
4992
13184
37761
13189
21381
13191
29578
37770
21390
21391
5008
13200
21393
13205
29590
37784
5019
29595
13212
5021
21406
5023
37794
29603
37795
37796
21414
37798
37800
5034
37802
37803
13228
29612
37805
13232
5042
37811
37812
21429
29623
13241
29626
21435
37819
5052
29629
29631
37825
21442
13253
21446
13259
5070
13266
37842
21460
37844
13269
37846
5079
13273
37849
5082
13274
13276
37855
29665
29669
21479
29672
13290
21482
37866
13292
29676
21487
13296
37872
13298
5107
29683
21494
29686
13303
21496
13305
37883
37884
37886
29696
29697
5124
5125
13317
13318
29702
29703
13320
13325
13326
5137
37905
37906
5139
13331
29715
29716
5141
21529
5148
21532
21535
37920
37922
13348
37926
13351
13352
5162
21548
29741
13358
13359
29745
5170
5173
29749
5175
29752
21561
37945
37946
21564
21567
5190
37959
37965
5198
21583
37967
37968
5201
21585
29778
37981
21599
5216
29792
37984
5217
21604
37988
29798
13416
21608
21609
29803
13421
29805
13422
29811
5237
29813
21622
38006
21624
21626
38010
21627
13439
29823
29826
38018
13444
21636
13445
5254
21640
29836
38030
5264
21648
21649
29842
38034
38039
38044
13470
21662
38048
13473
38049
13474
29861
38060
13485
13487
5296
29873
21682
29876
21688
29881
21691
13502
13504
38082
5315
13508
38087
21705
5323
29900
38092
29902
29903
13520
13521
21714
5333
21717
21722
38107
21724
29917
29920
13537
38116
21744
38128
5365
29942
13565
13566
29955
29956
5383
38152
13577
5387
29963
5388
38161
38162
13587
13588
5397
29974
13596
5407
21791
13603
38181
5415
5417
38185
29995
21804
5421
21807
13617
5426
13621
5431
13628
5438
21822
5439
30017
5442
5444
30020
30024
13641
13643
13645
13646
5456
13648
13650
13653
5462
13657
13658
13659
21853
21854
13663
30047
30049
30051
21860
30056
21866
30058
13677
30063
13680
21872
30067
30072
30073
13691
21884
30078
13699
21893
30085
30090
21899
21900
21902
30095
21906
13716
5527
30104
21915
5533
13727
21919
30112
13737
21931
13745
30129
13749
30135
30136
13756
30141
13758
30142
5571
30147
21960
5578
5582
21967
30159
21973
30170
5596
21980
13789
5611
21996
13807
5618
30200
5627
13825
5639
22024
22025
13834
30224
13841
13842
22034
13844
13848
30233
22042
22045
22047
5667
22053
30246
22060
13869
22061
22063
5681
30257
13874
5683
22071
13883
22076
30274
30277
5702
30279
13896
22091
13901
5712
5713
13908
13911
22103
5722
5723
30303
22112
30304
30309
30310
5739
30318
22129
30322
5747
13939
5748
13943
22136
5754
5756
13949
30334
30335
22144
13953
13955
13956
5765
22149
22150
30343
5771
22157
5774
13967
22159
5777
30355
22164
22167
22168
5786
13978
22170
30362
30365
5791
22176
30368
30369
30370
5795
13987
30376
13993
14002
22198
30390
5822
22206
22208
14018
30403
30408
5834
14028
22222
30419
5844
5846
14040
30425
14043
22235
22237
5856
30432
14052
22244
30438
22249
30441
5866
30445
22257
14069
14074
5884
22272
14081
22273
14084
14085
22277
5898
22282
30474
14093
30478
14102
5911
5912
22300
30493
22307
22309
30507
14137
5947
22331
14140
22333
5951
30530
5957
14149
30533
22346
22350
14161
22357
5974
14167
30553
14170
22364
5983
14175
22367
22375
30568
22384
22386
30579
6007
22391
30583
22392
30584
14201
6011
14213
22407
30603
6030
22415
14226
22419
30611
30621
30626
14246
22439
14248
6065
6066
30643
6068
14260
22452
6070
14267
22460
30652
6077
14274
30658
14277
30661
6091
14283
22478
14289
30673
6098
14291
22484
14295
14298
14301
6113
22498
30705
22517
22520
22521
6139
14332
22524
30717
6142
30719
14337
30722
6150
6154
30730
14348
14350
30736
30738
6164
22554
22558
30752
6177
14369
22561
22562
30755
14372
6182
6189
14384
6193
22578
6196
30775
30778
14398
6207
22591
6211
14404
22596
22598
30790
30792
6224
6225
14419
22613
14422
14423
30809
30812
6240
14433
30821
14441
6251
22635
6255
30834
6260
22646
6269
22654
6273
30850
22660
22664
14473
14475
22667
6285
22673
22675
14485
22678
14487
22679
6301
22685
14494
30879
22692
6313
14506
22700
6317
22701
14510
14518
22713
30907
6333
14528
14533
30917
14535
14536
14541
6351
22736
6353
30932
22741
30934
6361
6362
30939
14556
30940
6366
22752
30944
14561
14562
14564
22756
14566
6375
6376
22763
14577
22771
6389
6390
14586
22780
14598
6407
30983
22792
6410
6414
14606
30990
6415
22799
6417
30993
30994
14613
31002
14620
6434
22818
6435
14628
22821
22824
31020
22831
6448
31024
6449
14641
31026
14645
31031
6456
6458
14650
31034
31035
14652
22846
22854
6471
14668
14669
22865
31058
31060
6485
6487
6488
6489
22873
31065
6496
31073
6500
31077
14695
22887
22893
22894
31087
22896
31088
6518
31100
22912
6531
6532
22926
6543
31119
22928
31120
14737
14739
14744
22943
31135
14755
31140
31142
14762
22955
6573
22957
14766
6575
31153
14771
6582
31160
22969
6586
22975
6594
14786
22979
22987
22988
14799
22993
31186
31188
6614
31192
31195
6620
14813
23007
6626
6629
31207
6634
23023
31216
6647
14842
23035
31234
31237
31241
14860
6670
14865
23057
6682
6685
31261
6686
23079
6701
31282
14902
31288
23099
14909
23101
31294
31295
6720
31301
6726
6730
6731
31307
6734
23125
6743
23130
31322
6748
31324
6749
6750
31326
6752
14950
14951
31335
6760
23144
31336
6762
31340
23149
31341
14961
23155
23156
14968
14970
6781
14973
14975
23169
31362
6787
14979
6788
23172
31366
14983
31367
6794
31370
31373
31376
14998
6807
6810
23195
6814
6815
23199
23200
6819
15011
6826
15018
6829
15021
6832
15025
31410
15029
31415
6841
6842
15034
6851
15043
15044
23236
31430
15049
15051
23250
6867
31446
31452
6877
31453
6878
23264
31459
6885
31461
31467
31469
31471
31475
31478
23287
31479
23291
15100
31485
15103
31487
31489
6924
23309
6930
23316
15126
15133
15135
23329
23330
23334
23337
31531
6956
15152
15153
31537
15156
23353
6970
31547
23358
31550
31551
15168
6977
23361
15171
15178
6989
23374
15184
15186
23378
23379
31577
15194
23390
31582
23392
15212
15214
7028
7030
23416
31611
31616
31618
7047
15239
7054
7055
31631
23441
31634
7060
7062
7063
15256
7066
31643
7069
15261
23456
7073
7075
15269
7080
7084
31662
23471
15280
31665
7090
15284
31669
31671
31674
7100
23485
15296
7106
23490
31685
15303
31687
31688
7113
7115
31691
31692
7118
23502
7122
7123
15322
31707
15327
23519
7138
23522
7139
15335
15336
23528
7152
15344
7154
31734
15351
31739
7164
23548
23554
23557
31752
7177
7179
31755
31756
31760
15379
31766
23579
7198
15391
31775
31776
31777
7203
23587
23589
31781
15401
23594
7211
23599
7218
31794
15420
31807
7233
7234
15426
23618
7237
15431
31815
23627
7249
23638
31831
15448
23642
31834
15452
7261
15454
23649
23650
15459
7271
23655
23657
15467
31852
15469
23661
7279
23664
7282
23667
31860
7286
23670
15481
31865
15482
31880
7305
23694
23696
7313
7318
15513
31898
15519
31904
23715
15528
31912
31914
7340
15533
7343
15537
15539
31924
15541
23733
7350
15542
15545
15547
31934
23743
15553
31937
7364
31942
23753
23755
15564
23760
7382
15574
31959
7384
15576
7386
31963
23774
23775
31982
15600
23792
7409
31990
15607
31992
7425
23810
23812
23815
23817
7437
32013
15635
7447
7450
15648
15651
32035
32036
7463
23849
15661
32052
7477
7479
23865
23866
7483
32059
23874
7491
32067
23876
7493
32069
7494
15690
23887
15697
23891
7514
15707
32093
15714
32098
7525
15718
32102
23912
23918
15727
23926
32118
23929
7546
15738
7548
15740
15745
7554
15746
32130
32138
7563
32139
7565
32142
15766
7579
32155
23964
32164
23977
7595
7600
7601
32177
7604
32185
15803
23997
32189
32190
15811
24004
7621
32203
32205
15822
15823
7633
32209
24018
24019
7637
15835
32219
24029
32221
32226
7651
7653
15845
15848
15850
24046
7665
32241
15860
32248
15865
24059
32252
24069
7686
7688
15881
15887
15894
15895
32283
24093
15903
32288
24097
32289
24098
32290
15908
32292
7724
7727
7728
24114
15923
24115
32309
7735
32313
32314
32316
24127
7747
24131
32324
24133
7750
24136
32329
7755
7756
32332
7758
32334
7760
15952
24146
32342
7770
24154
32348
32349
7774
24159
7777
15970
32354
7779
24167
7784
24169
7788
32364
7793
24181
15990
24182
32374
15992
32378
7803
15995
32382
7810
24195
32393
32398
32399
24208
7826
7827
7828
7831
16023
32411
16028
24220
24221
16030
24222
7840
16032
16033
7843
32423
24234
7851
16044
32428
24237
7855
16049
32433
7858
16050
16057
32442
7869
24258
7876
32452
16069
7879
7880
24267
16076
7887
24271
24272
16085
7898
24282
32474
24285
24287
7913
32490
16107
32492
16110
24306
32499
16116
24308
24309
24311
32503
24314
7933
32509
32510
32511
32517
24326
32518
16135
7946
32523
7951
7952
7955
16152
24344
7961
32540
7965
24349
16158
16159
7968
7970
7975
32552
7977
24364
24365
7982
24370
7988
7997
24384
8002
8004
8005
16197
32586
8012
32588
24400
16213
16214
8025
32601
8026
16219
16220
24414
8035
24424
8044
24428
24430
8050
16246
32630
16247
16248
8058
24444
24445
32638
8070
32646
24456
32648
16265
8075
8076
8077
32653
32661
24473
32667
16286
24480
24482
32674
16292
32676
32677
8117
24507
16316
16323
24516
32708
8133
16325
24517
16331
24526
24529
32728
16346
24539
24544
24545
8162
32738
32742
32747
32749
8176
16375
24568
32762
24573
8191
6
448
1
421
302
175
383
