190
83
1224
845
464
1608
1989
472
853
96
1237
478
1239
2001
2003
865
486
868
874
1255
1640
501
1264
1645
125
1269
512
1652
2038
1280
1283
1286
146
2046
154
1296
917
164
165
546
2067
1689
1311
1314
2075
558
1321
942
2083
2084
1703
185
1707
186
187
190
571
575
2096
2099
1719
201
583
1344
1727
588
970
2112
1735
217
1361
2125
2126
1365
2128
608
609
227
232
1373
233
2136
2141
2143
1385
246
1767
2148
2150
1770
1392
1395
639
2160
640
1405
1406
1027
269
650
1790
658
1040
1801
661
285
1807
671
1814
299
1823
303
1825
304
1828
1830
1453
1834
1835
1075
1458
705
707
1469
1090
331
712
1093
1856
1097
336
338
1481
1484
352
1492
1874
354
1498
1119
1122
1884
1124
365
1887
746
1512
1133
1513
755
1516
0
381
2
760
5
385
769
1530
1152
1154
1156
20
1541
1922
785
1167
28
407
409
414
35
1936
1559
420
801
802
41
809
430
1571
51
1581
1963
1204
1967
1589
1212
1978
1980
82
11
159
8
75
31
101
59
85
43
111
134
46
