1922
12141
610
12146
4459
4462
4464
4465
4467
624
625
12157
8315
629
4474
12162
8320
8321
633
4481
8327
4483
4485
8330
639
644
12174
4491
8344
4501
656
658
12190
8349
12191
4507
4508
663
4510
664
12193
8357
4514
669
4516
671
672
673
674
675
12194
8367
12196
4525
681
682
12201
12202
8374
4531
12203
12213
12214
12218
8380
12223
12226
8386
4543
12231
8389
4545
8392
704
8397
4553
709
4556
713
4558
714
12241
12244
8407
4563
12253
12254
729
8418
8420
4576
8422
735
8424
739
4584
4585
4586
4587
741
745
8434
747
8436
8437
12271
12272
12278
12279
12283
4599
4600
8446
8449
761
8454
12299
12300
4612
768
769
771
4617
773
12307
8472
4628
8474
12319
12320
4632
784
12324
4636
8484
8485
4641
8488
8489
4650
4651
808
809
8499
8504
818
821
8514
4670
828
830
831
8524
4681
8527
8530
4686
8535
4693
849
850
4696
8541
854
855
857
4703
8549
866
4712
868
4714
872
8564
8565
4720
8567
4721
4724
8571
4727
8576
4732
4733
893
895
4741
897
8588
8589
4746
8596
8600
919
923
4771
4772
8617
4773
930
8620
8621
933
935
4782
4783
8630
8631
4786
4789
4798
956
4802
974
4819
975
4821
4827
8676
4832
991
992
995
8685
4841
997
1000
4846
8691
4848
4849
8694
8695
4851
4853
1002
1003
4857
1015
1016
1020
8713
1025
4872
8718
4875
4876
4877
1035
8725
1037
4885
4886
4888
4890
8735
4892
8740
1055
8747
1060
4905
4906
8751
1066
1067
8759
4920
1080
8771
4927
4928
4929
1083
8777
4934
8779
4936
1089
8782
8783
8784
1091
1095
4946
1102
4951
1112
8801
8804
1116
4963
8811
4967
4969
8815
8818
8822
4978
8829
1143
8833
4990
8841
1157
8848
5005
5007
1166
5011
5012
1167
1170
8860
5020
5024
8869
1180
5031
1188
8879
1193
5042
1199
1201
1204
5050
5051
5054
5055
1212
8902
5061
8906
1217
1222
8915
5074
5076
5078
1236
1239
8933
1250
5098
5099
8947
1259
5105
8950
8956
5112
1268
5119
8966
5122
1279
5130
8975
8976
5133
8979
1291
1292
8987
8992
1304
1305
8995
5152
1309
8998
5154
9001
5165
1323
9013
5170
9018
5174
5178
9023
9024
5179
5182
5183
1341
1350
5195
1351
9042
5200
5202
9049
1361
9053
1366
9057
5216
9061
5219
5220
9065
1375
1380
1382
9074
1391
9082
9083
5240
5242
5243
1399
9091
5248
5255
9100
9103
1416
5263
9108
5267
9113
5269
9115
5270
9117
1426
5278
9124
9127
5284
1444
9136
1449
5298
1455
5300
9146
1459
5305
5307
9152
5309
1474
5320
1477
5323
1479
5327
9176
9180
5337
9184
9185
5340
5344
1500
9190
1503
9193
5350
9195
9196
5351
9198
5354
5355
1516
5361
5362
5369
1527
5376
9222
1536
9226
9230
5386
5388
9233
1546
1549
5396
9241
1552
9246
5402
5406
9251
5408
9253
5414
9260
5417
5418
5420
9266
9268
5425
5428
1584
1586
9277
5433
5434
1591
5443
1602
5447
1603
5452
1608
5457
9305
9307
9311
9319
5478
1635
1638
1639
1640
5486
9331
5487
1645
9337
1655
5503
5504
1664
9353
9354
5509
5510
9358
9359
1672
9361
9362
9364
5525
5530
9375
9378
1690
5537
9382
5538
1699
1701
5552
5553
1709
9399
5557
1714
5562
9408
5564
5565
1724
9413
5571
9417
5573
9419
5575
1735
9424
5582
9434
1746
9436
9437
5592
1747
9440
1748
1754
9444
1756
9447
1760
5606
5609
9457
9458
9459
9460
9462
9463
5620
5624
1780
5629
1790
9479
5638
5639
9484
1796
9487
5643
5648
9506
5662
9508
9518
5674
1831
5677
1834
9523
9524
1837
5684
9532
5689
5690
1847
5695
1851
5699
1855
5703
1859
5705
5707
5708
1868
9557
9560
5717
1875
5720
9565
1879
9568
9569
9575
5733
5741
9586
1904
9595
9596
1907
9600
9601
9602
1916
5763
9608
5764
1922
1923
5768
5769
5777
1937
9632
5790
1947
9636
9637
9640
9645
9646
9655
9657
5816
9664
5823
5826
1987
5833
5834
9681
9682
9684
5842
5844
5847
2004
9697
9698
2010
5856
9702
9703
5859
5860
9710
2024
5869
5871
2028
9717
5877
5878
9723
2034
2039
5884
5886
2044
5890
9735
5896
2053
9746
2060
5906
5907
5916
5919
5922
2083
9772
5929
2086
9779
5936
2095
9785
9788
5950
5954
2110
5958
9803
9811
5969
5970
2128
5973
5974
5975
9820
2132
5982
9828
2142
5989
9834
9835
5991
2147
9838
2151
9840
2156
2159
2160
9850
9851
2162
9854
9855
9856
9857
6011
6018
9864
9865
6021
6024
9869
6025
9876
6033
2189
9883
6039
2199
6047
2204
6050
2209
2210
6061
9906
2224
9914
9915
6071
6078
6079
2235
2237
9927
9928
9929
9930
6087
9932
9933
9934
6089
9936
2242
2245
2248
2251
2253
2255
9945
2259
2261
2265
9955
6111
6112
2271
2276
9965
6123
9970
6129
6130
2287
2289
9979
2292
2293
9983
9987
6144
2305
6150
6152
2310
10009
2321
10011
10012
2331
6176
6180
6182
6185
10031
10032
6189
6190
2344
2347
2349
6196
6197
10042
6199
2352
6201
2355
6203
2356
2359
2360
10051
2363
10054
2371
10066
2378
6224
10069
6225
6226
6227
2382
2387
2397
2403
10095
2409
10100
6257
10103
6261
2417
2418
10110
6266
6272
10117
2429
6275
2431
10121
2434
6284
10135
10137
6293
10140
2454
6307
2464
10153
6310
10156
10162
6319
10164
2479
6328
6331
10176
2487
6336
2492
6338
6339
2494
10189
6346
10193
10197
6359
10206
6363
6366
10215
2530
10219
6376
10222
6379
2537
2539
10231
6387
2544
10234
6391
2549
6394
6395
2555
6402
6403
10252
6408
6411
10256
6417
6418
2576
6423
2579
10274
2591
6437
6440
2600
10289
2601
2602
2604
6459
6461
6466
10314
6470
10316
6471
6473
10319
6476
2630
2631
6479
2634
6485
6487
6488
10333
2646
10339
6495
6498
6499
10344
6501
2658
6506
6508
2665
10357
2671
10365
2677
2683
2685
10375
10376
10378
10382
6539
2702
6547
6550
10395
2707
6553
10400
6557
10402
6558
6561
2719
10410
6567
6568
10415
2728
2730
6577
2736
10425
10426
10434
2746
2753
10444
6602
2760
2762
10451
6608
6609
6610
2763
2765
2766
10458
10463
6620
2776
10468
6624
6625
2785
6640
10485
6641
2796
2800
10489
2804
2806
10498
6655
2810
10502
2816
6662
2820
10509
6666
6669
10514
10522
10526
10530
2846
10535
10540
6696
2857
6702
2861
2864
10557
2870
10560
6716
10562
6718
2879
2881
2884
6733
6734
10580
2894
10584
10590
6746
2904
2908
2909
10598
10599
6756
10603
6764
6766
10614
2927
2928
10617
6773
10619
6776
2929
10622
6779
6780
2938
2940
2945
10636
2948
2958
10649
2963
6811
2968
2970
10660
2972
10662
2973
10666
10669
6825
6829
2985
6832
10677
10678
6834
10680
2989
6838
2996
10686
6844
3000
10692
10695
3007
6858
10704
3016
10706
3019
3020
10709
6866
3023
10712
3025
3026
6875
3038
6886
10735
3047
3049
6896
10741
3058
10748
6906
10751
10757
3073
6918
3077
10767
6924
6925
6930
10775
3086
10777
6934
3089
3091
6939
10784
10787
3100
10789
6954
3110
3116
10806
10812
6971
6972
3129
3133
3140
6987
10833
6990
3149
6995
10841
3155
10845
7001
10847
3158
3160
7008
7009
7015
7016
10861
3171
3172
7020
10866
3179
3181
10871
10872
3183
3189
10878
7035
10883
7040
10890
3203
10892
7048
10896
3213
3215
10904
10912
3225
10915
7071
3229
7074
3230
3231
7079
10926
7082
10929
3242
7087
7088
3247
10936
3248
3251
10940
7097
3252
7099
3253
7101
7109
3266
3267
7116
10961
7118
7124
10970
7126
10976
10982
10983
3294
3297
7142
3298
10991
3303
7155
11000
7157
3313
3315
3317
11014
7170
7173
11018
7176
3332
11023
3336
11027
7184
3340
11033
11034
7190
11036
7191
11038
7193
7196
3345
11042
7198
3346
11046
11050
3362
3363
11054
11057
7214
11062
11063
11065
3378
7223
7224
7227
3385
7230
7231
3387
3389
11086
11087
11093
11098
7255
3410
7262
3419
7268
11114
11116
3428
3431
3432
7280
3436
3439
7284
7285
3440
7287
3444
11134
7291
3448
11137
3450
3456
11148
3460
7311
7318
11163
11165
7321
11169
7327
7331
11176
7332
7334
11181
3496
11190
7346
3504
7350
3507
7352
7355
7358
7363
3519
3521
11210
7367
3526
3540
3547
7394
3551
3553
7398
11243
3554
3555
11249
7405
7407
3561
7410
3566
7416
3572
3581
3584
3585
11279
7435
7436
7437
7438
3592
11285
3594
3601
11291
3605
3607
11297
3613
11306
11307
11309
7468
11313
7475
11321
3637
3638
7483
11328
7486
11333
7490
3646
7494
7495
11341
3654
3656
7501
11346
11347
11352
7510
3667
11361
7517
7519
7523
7525
7535
3693
7538
3695
3698
7543
3705
11394
3712
7557
3717
7562
7565
7569
3725
11415
7571
11418
7575
7576
11421
7578
3730
11424
11425
3734
3736
11433
3746
3747
11437
3752
7598
11443
3755
11445
3757
7604
3761
3762
11451
11453
11454
11456
7613
11458
3770
3771
7620
11465
11468
3781
11470
7627
3782
7629
7632
3793
3794
11483
7640
11488
7644
7645
3800
3803
11493
7659
3816
7662
3821
11511
11514
7670
11516
7677
11522
3836
3838
3841
11530
3843
7688
3844
11534
11535
11536
5
11537
3851
8
11540
10
3852
3854
3855
11546
3859
16
11548
7709
22
11555
7711
7713
26
3869
11560
3874
11564
33
7722
3882
3883
41
7731
44
3890
3891
11580
49
11581
7736
3893
53
3897
11587
57
58
60
3908
66
7755
3913
71
11603
3918
3919
7767
3923
11617
7775
7776
11621
3932
7780
101
11635
7791
11637
106
11638
11639
11641
3947
3949
3950
3952
114
11646
11648
3960
119
120
3965
3968
130
7818
11664
11665
3974
11667
138
139
11671
141
7827
3985
11676
7832
147
3992
7837
11682
7842
11692
11698
11699
168
169
4010
171
4011
11707
176
177
11709
11710
180
7864
7866
11715
7871
7873
11718
4022
188
189
11722
4029
192
7880
4031
4038
4040
11729
4043
202
7894
207
11742
212
7900
7902
4059
4060
4062
223
7913
7914
228
7918
4074
232
233
11767
11768
4081
7929
11774
4087
11776
4090
247
11782
7938
4094
4099
11787
7945
4104
260
7948
11795
4108
11799
4113
7958
271
11804
7963
4121
278
4123
11813
7970
11816
289
7977
293
294
11825
11828
7985
7988
7992
4149
4152
11840
310
7999
4156
4157
314
315
316
11855
8012
8015
4179
11868
4183
11871
4185
8029
8032
11882
351
8038
8041
4198
354
355
357
11888
359
360
8043
4206
8046
11896
4213
4214
370
372
4229
385
4231
4232
11919
8079
11926
8082
8086
400
401
11932
11933
4248
404
11935
4251
4252
4253
409
11942
11944
8096
414
8099
4260
11949
11951
8109
8112
4269
425
8115
4273
4275
4279
441
8130
11975
4288
11976
4290
447
4292
8133
8136
4295
8137
8138
454
8142
457
11990
8147
4305
8150
11996
11997
4310
467
8155
469
12003
8160
473
4318
8163
8165
8166
12011
12013
482
483
4328
12016
8169
8170
8175
489
4334
4335
12024
8183
4341
502
4347
8192
504
505
8191
8196
4352
4353
512
12045
8204
4360
516
519
520
524
4369
12058
12059
528
8218
530
8220
12062
12064
8223
8224
4379
12070
12073
8234
12078
4397
4398
8244
12092
4406
563
8252
4408
12097
12099
4412
569
570
4415
4417
4419
12107
4421
577
4427
12117
587
4432
4433
8278
8279
589
591
12122
8283
4440
595
4444
8289
600
602
12134
12135
12140
10
164
143
349
330
53
334
276
0
22
83
