61 155 116
3 13 1 36 1 135 1 
4 20 1 86 1 97 1 123 1 
4 2 2 21 1 84 1 142 1 
1 29 3 
3 66 1 76 1 133 1 
2 81 2 117 3 
3 24 1 58 1 105 2 
2 145 1 149 1 
2 35 1 127 1 
3 61 2 94 1 152 1 
2 25 1 125 1 
2 28 1 69 1 
3 9 1 14 1 30 1 
3 33 1 55 1 146 2 
4 26 5 43 1 67 1 72 1 
2 41 1 124 1 
3 56 1 74 1 106 1 
2 129 2 132 1 
2 22 2 96 1 
4 68 1 83 1 114 1 130 1 
1 27 4 
2 51 1 101 2 
3 34 2 44 1 91 1 
2 7 2 69 1 
2 52 1 69 2 
2 42 1 71 1 
2 5 1 92 1 
2 88 1 108 1 
4 45 2 50 2 65 2 110 1 
4 12 1 39 2 104 2 126 1 
2 82 1 102 1 
2 111 1 154 1 
2 37 3 122 3 
2 134 1 140 1 
2 10 1 115 1 
4 0 2 4 1 47 1 79 1 
2 32 1 148 1 
5 70 1 89 1 118 1 137 1 138 1 
2 3 1 38 3 
2 53 2 116 1 
3 48 3 49 1 85 1 
3 16 2 77 1 109 1 
2 69 1 90 2 
2 151 1 153 1 
3 9 1 100 1 147 1 
2 18 1 150 1 
2 128 3 141 2 
3 6 1 23 1 78 1 
2 15 1 46 2 
3 8 3 59 1 120 1 
3 1 1 99 1 103 1 
2 31 1 136 1 
9 19 1 54 1 60 1 64 1 73 1 95 1 98 1 112 1 144 1 
2 93 12 107 3 
2 63 1 143 1 
3 62 1 75 1 87 1 
2 80 1 121 1 
3 17 1 119 1 139 1 
1 57 4 
2 40 1 131 2 
2 11 2 113 5 
4 33 6 36 6 63 1 145 1 
4 47 6 72 21 111 14 147 28 
1 122 4 
4 1 2 36 1 145 1 149 1 
4 11 3 29 1 54 24 148 1 
1 125 4 
13 0 20 2 14 3 3 21 11 24 21 38 1 50 12 53 12 89 12 96 9 116 17 137 30 142 12 
1 149 1 
1 145 1 
4 36 13 61 50 94 5 152 5 
5 34 20 91 24 102 4 117 23 147 70 
4 36 3 99 5 111 23 145 2 
5 9 1 36 1 143 9 149 1 150 1 
2 27 4 101 50 
2 33 3 150 1 
19 5 4 6 24 11 24 16 5 28 72 40 30 48 9 54 2 55 29 62 30 68 1 83 6 92 9 105 878 106 14 113 1 139 1 140 2 146 1 
3 9 5 15 2 18 25 
4 63 4 117 1 136 2 151 3 
1 149 1 
3 31 4 72 29 108 15 
1 36 4 
2 36 6 135 9 
2 145 1 151 5 
2 63 4 129 7 
1 131 11 
11 2 11 3 10 21 12 24 1 38 3 53 19 70 4 81 1 118 18 138 1 142 4 
1 31 7 
2 149 1 154 3 
5 31 5 36 2 51 26 57 1 63 3 
4 49 18 91 24 108 4 153 5 
2 36 3 135 6 
3 91 13 122 28 145 1 
8 2 18 21 6 38 1 43 1 65 13 89 48 96 13 142 12 
5 32 2 85 39 125 4 129 10 153 6 
2 36 2 122 1 
14 0 13 2 27 3 35 21 8 24 6 50 1 81 6 89 12 116 11 121 96 132 1 137 20 138 2 142 10 
1 31 1 
1 145 1 
4 36 5 44 5 117 24 123 4 
4 4 5 37 10 59 10 91 20 
3 99 6 111 9 151 4 
3 9 20 31 4 97 6 
4 9 1 147 1 149 1 153 3 
20 5 2 6 11 7 2 11 5 22 34 28 1 40 9 55 102 56 10 58 7 68 1 80 24 90 15 92 12 104 3 106 70 126 1 128 9 130 5 134 2 
3 63 4 91 30 153 4 
1 100 13 
1 96 7 
3 36 7 51 19 115 7 
1 149 1 
2 35 6 51 3 
4 91 1 145 1 149 1 150 48 
2 9 1 31 5 
2 85 18 107 18 
3 9 9 67 10 153 2 
3 29 2 105 914 148 20 
2 135 5 149 1 
1 150 1 
3 20 9 63 2 145 1 
7 37 19 72 27 91 30 145 1 149 1 151 1 153 8 
1 33 2 
3 37 41 47 12 91 28 
8 8 1 60 12 64 6 73 3 95 1 98 8 112 5 144 15 
3 9 6 115 3 149 1 
6 35 3 63 4 71 3 79 25 125 10 147 7 
14 2 9 3 2 21 12 38 2 50 50 53 16 81 16 84 2 89 1 93 5 116 14 132 9 137 21 142 12 
2 31 10 136 2 
2 46 53 147 29 
4 37 42 63 2 91 11 150 7 
3 51 18 99 8 145 1 
7 4 13 91 23 99 1 110 1 117 1 123 1 143 1 
1 103 3 
22 11 27 17 14 28 29 40 3 52 3 54 12 55 37 56 16 62 5 75 17 77 5 80 1 83 46 90 12 92 4 106 35 109 14 113 36 119 5 130 1 134 5 141 26 
5 71 1 117 8 122 3 147 5 153 8 
5 0 5 50 8 89 5 137 1 142 23 
1 14 2 
1 122 2 
1 63 3 
1 36 6 
4 91 1 147 10 149 1 151 8 
5 10 3 79 6 115 3 149 1 153 5 
4 9 15 30 1 31 4 145 1 
3 27 7 101 100 120 2 
6 9 10 42 1 71 1 79 7 86 32 151 2 
3 13 6 29 2 148 2 
2 122 2 149 2 
2 9 2 145 1 
3 145 1 151 8 153 1 
5 8 3 9 4 26 5 49 22 145 1 
6 9 14 14 10 63 3 125 3 143 5 149 1 
10 19 12 45 7 60 6 64 1 73 6 95 12 98 1 112 1 144 1 147 1 
4 30 2 36 2 122 23 145 1 
7 23 40 41 14 74 11 76 10 78 70 124 2 133 11 
3 25 14 122 3 151 1 
1 33 1 
2 36 4 51 8 
2 100 9 122 45 
2 9 9 36 4 
21 5 1 6 36 7 2 11 24 12 1 16 5 28 1 39 2 43 227 54 1 55 24 69 11 75 1 77 24 87 22 90 24 105 20 114 25 128 2 139 21 146 16 
3 9 25 63 1 125 3 
10 0 14 2 6 3 8 21 1 43 152 53 5 84 21 89 12 93 60 142 18 
2 51 34 63 2 
6 31 9 33 6 36 4 82 1 111 11 145 1 
1 91 10 
3 9 1 88 18 110 10 
3 9 12 30 10 91 44 
2 27 4 101 25 
2 9 3 149 1 
1 148 19 
5 31 7 63 1 91 29 135 1 151 6 
2 63 1 145 1 
5 9 5 31 1 85 45 143 8 149 1 
1 149 1 
7 23 26 41 5 66 6 74 57 76 8 124 6 127 14 
2 31 9 110 18 
2 72 1 147 23 
2 145 1 149 4 
30 68
