91
0
1
2
3
4
5
6
7
8
9
10
11
12
13
14
15
16
17
18
19
20
21
22
23
24
25
26
27
28
29
30
31
32
33
34
35
36
37
38
39
40
41
42
43
44
45
46
47
48
49
50
51
52
53
54
55
56
57
58
59
60
61
62
63
64
65
66
67
68
69
70
71
72
73
74
75
76
77
78
79
80
81
82
83
84
85
86
87
88
89
90
151
0
1
3
4
7
8
12
14
15
16
18
19
21
22
23
25
33
34
35
36
37
38
40
41
42
43
45
46
48
50
52
53
54
55
58
63
64
65
66
67
68
69
71
75
77
79
81
82
84
87
90
92
93
94
98
99
100
101
104
105
110
112
113
114
115
117
119
123
125
127
129
133
134
135
140
146
150
151
158
160
163
164
168
170
172
173
185
186
188
191
192
193
196
198
199
202
204
206
207
212
213
214
216
236
237
240
241
243
245
247
250
253
254
256
258
262
264
267
274
275
277
278
279
283
284
288
293
294
297
303
306
307
311
318
321
325
328
331
333
334
340
343
344
351
356
357
360
366
371
372
373
