151
0
1
2
3
4
5
6
7
8
9
10
11
12
13
14
15
16
17
18
19
20
21
22
23
24
25
26
27
28
29
30
31
32
33
34
35
36
37
38
39
40
41
42
43
44
45
46
47
48
49
50
51
52
53
54
55
56
57
58
59
60
61
62
63
64
65
66
67
68
69
70
71
72
73
74
75
76
77
78
79
80
81
82
83
84
85
86
87
88
89
90
91
92
93
94
95
96
97
98
99
100
101
102
103
104
105
106
107
108
109
110
111
112
113
114
115
116
117
118
119
120
121
122
123
124
125
126
127
128
129
130
131
132
133
134
135
136
137
138
139
140
141
142
143
144
145
146
147
148
149
150
193
0
3
4
5
6
7
8
9
10
11
13
16
18
20
21
22
23
25
27
28
31
33
34
36
38
39
40
41
47
48
49
51
52
53
54
55
62
64
67
68
69
71
80
81
82
85
88
93
94
95
96
99
101
102
103
105
106
109
110
111
113
114
115
116
118
123
124
125
126
132
138
139
140
142
143
144
145
147
148
149
153
155
156
157
158
159
163
167
168
169
170
173
174
175
176
178
180
182
185
187
189
190
193
199
200
202
203
206
210
211
212
213
214
217
218
219
224
226
227
228
229
234
236
237
238
240
241
245
246
252
253
254
255
257
258
259
261
262
266
267
268
273
275
278
279
281
283
284
285
286
287
288
290
292
294
296
297
298
300
301
305
307
308
313
316
318
321
322
323
324
325
326
327
330
331
332
333
336
337
338
342
343
344
351
354
357
359
361
363
364
368
373
380
