686
12
532
601
519
829
144
191
540
965
84
764
681
914
972
189
398
87
591
612
677
915
69
71
45
63
65
146
388
458
683
832
551
893
59
575
923
1075
107
89
135
185
190
403
662
713
745
819
824
325
570
589
664
809
973
995
1011
14
15
377
579
663
720
939
1098
786
1097
449
846
886
913
1023
214
326
892
81
218
228
778
779
41
346
525
952
954
984
1021
35
57
101
142
240
300
316
350
365
404
441
649
655
735
816
861
1029
1051
1094
22
763
28
124
172
224
282
348
381
524
529
559
768
769
837
878
911
912
976
977
1000
1015
1019
1086
1103
899
13
47
67
140
147
150
184
221
245
272
511
534
549
689
727
729
740
917
933
959
963
1009
24
25
263
290
340
460
523
564
585
635
863
898
966
920
1089
138
474
0
37
193
235
268
342
358
479
499
607
872
1068
183
455
556
598
615
868
126
331
419
577
260
929
302
849
1074
825
26
700
702
11
18
27
34
46
50
55
60
66
74
75
76
83
92
95
117
119
120
129
139
148
153
156
157
159
160
169
171
200
202
206
211
222
223
226
232
251
254
256
273
278
283
287
295
298
317
320
332
333
339
354
383
387
402
408
410
417
422
426
447
454
457
465
466
472
487
501
507
520
531
545
547
554
561
569
580
581
583
633
645
661
676
679
690
699
707
709
716
722
732
736
738
747
755
756
758
761
767
775
790
792
797
801
811
812
826
835
836
843
844
845
847
848
853
856
862
870
879
881
888
896
946
947
987
989
990
1003
1007
1017
1024
1030
1031
1045
1071
1080
1083
1095
1101
1102
39
52
79
111
122
123
136
145
149
170
178
238
253
258
275
294
318
323
343
347
355
384
391
406
409
424
425
436
445
463
470
471
485
503
516
517
533
544
553
562
567
574
578
602
613
629
634
642
644
657
694
695
697
712
728
743
746
772
785
794
805
810
842
871
874
889
900
906
908
910
942
969
979
980
992
1014
1020
1040
1049
1061
1065
1066
1073
1082
1085
1100
1
17
53
86
116
152
199
250
305
312
324
330
349
352
386
392
434
446
480
484
513
521
538
539
563
566
599
668
696
705
715
748
774
787
798
800
808
830
876
877
926
930
941
975
982
988
991
1034
1054
1081
1088
1099
2
6
38
98
114
133
154
162
208
257
306
461
477
481
518
527
542
701
753
814
823
860
887
951
1005
1059
1076
7
42
56
141
179
213
259
366
492
508
582
742
776
791
817
850
883
928
931
953
983
210
741
759
882
968
1028
128
127
453
500
958
16
627
630
266
486
337
3
4
5
8
9
10
19
20
21
23
29
30
31
32
33
36
40
43
44
48
49
51
54
58
61
62
64
68
70
72
73
77
78
80
82
85
88
90
91
93
94
96
97
99
100
102
103
104
105
106
108
109
110
112
113
115
118
121
125
130
131
132
134
137
143
151
155
158
161
163
164
165
166
167
168
173
174
175
176
177
180
181
182
186
187
188
192
194
195
196
197
198
201
203
204
205
207
209
212
215
216
217
219
220
225
227
229
230
231
233
234
236
237
239
241
242
243
244
246
247
248
249
252
255
261
262
264
265
267
269
270
271
274
276
277
279
280
281
284
285
286
288
289
62
0
1
2
3
4
5
6
7
8
9
10
11
13
14
15
16
18
19
20
22
23
27
28
29
31
32
34
35
36
38
41
42
45
46
47
48
49
51
53
54
56
58
59
60
61
63
64
67
68
69
72
73
75
76
77
78
80
82
84
85
86
87
