175
16
136
381
106
398
49
109
85
222
312
62
171
154
304
238
318
356
18
213
390
147
350
380
31
126
153
239
208
167
214
264
26
102
60
77
78
166
313
341
34
148
348
406
409
15
53
114
146
188
203
228
260
282
314
316
376
379
6
110
117
194
290
301
323
346
345
19
59
105
130
138
144
156
183
189
217
220
250
252
257
268
272
291
331
342
374
384
388
33
47
127
132
135
149
162
254
277
308
353
124
175
184
234
0
2
43
44
74
90
96
98
108
122
128
133
142
150
155
159
185
190
191
199
221
237
253
263
270
281
288
289
307
309
320
326
333
334
343
349
358
362
365
366
386
387
392
411
27
45
48
84
86
101
104
111
129
187
216
278
293
294
299
321
330
335
368
377
382
410
141
157
160
328
385
28
26
1
2
4
5
6
7
11
13
14
15
18
19
21
22
24
25
28
32
34
41
42
43
44
48
49
51
