500
1385
2383
380
377
375
374
373
372
1374
2373
1372
1371
2370
2369
368
1365
364
2363
359
2354
353
2349
1346
344
1343
2343
342
341
338
337
335
334
1329
2329
2328
2323
1322
2319
318
316
1314
313
1311
309
307
305
1306
1305
1304
2304
2302
299
298
1298
1297
2297
293
2292
283
2283
281
1278
1276
275
274
265
1266
2266
2265
1260
2259
1253
1251
1248
1247
1246
2248
2247
2246
243
1243
239
237
1237
2239
2238
2237
1235
1234
2233
1231
227
225
1226
224
2224
2223
1220
218
1215
2215
2213
212
2207
1204
198
2200
1198
2198
2195
1192
191
2190
1189
1188
2185
1184
1182
175
2178
172
2176
1174
1173
1171
2172
1170
1169
2169
2168
167
1165
2165
162
159
158
157
1155
1152
2152
2151
2146
143
1142
1136
1135
133
2131
2130
2126
124
1118
2116
114
2114
2113
110
107
103
99
1097
95
94
2093
2092
88
2086
2083
1080
1079
1077
75
71
1071
69
65
2066
63
1064
1063
62
61
60
55
50
1052
1050
2050
2045
45
1046
1045
44
2038
38
35
1033
1032
2031
2026
1021
2018
19
18
17
1016
14
1007
1006
2004
1003
1002
999
1996
992
988
1973
1971
966
960
1959
956
1955
952
1952
1950
949
945
1941
940
1939
1935
934
932
930
1928
1925
1923
922
921
912
905
896
1892
884
880
875
1874
873
871
868
1867
866
1865
1863
859
1859
1856
1850
843
1843
841
840
834
829
1828
1824
823
818
1819
1818
811
804
1803
800
791
1790
1788
1787
1785
783
782
778
1779
1778
776
1770
768
765
760
1752
1751
748
739
738
1738
1736
1735
733
1733
732
725
713
1714
711
1712
710
1710
708
1708
706
705
1702
1700
1699
696
1690
689
1688
1687
686
685
677
1676
1674
2673
2669
1668
1667
665
664
2664
663
1660
2658
1656
1655
2654
653
646
2642
1641
640
2639
637
2634
2632
2626
1621
2621
1619
1617
614
612
610
1611
2611
2610
1609
606
1605
2604
2603
2601
1599
595
1594
1593
2593
1590
1588
2588
2586
2583
2582
1581
2580
1579
2578
576
2576
1574
2573
2572
2571
2570
2569
1566
559
1563
2563
1562
1561
1560
2559
558
1549
2549
1547
1546
1544
1543
2538
1537
536
535
2533
1532
529
1529
1527
525
2525
2524
523
520
2520
516
2517
1515
2515
1514
510
1506
503
1501
2489
2488
487
2486
484
1480
1478
476
2474
1472
2472
1471
465
2465
462
461
458
456
2460
455
1457
2457
2456
454
1453
2453
2449
1446
2447
2446
445
2444
436
435
433
1436
2437
2436
1434
2434
2433
2429
425
424
2425
2424
2423
1422
421
1420
1418
2418
1416
2416
2413
1412
1411
409
1409
1407
406
405
403
1403
401
2401
400
398
396
1392
2392
2391
2390
389
5
21
40
78
37
13
