399
7168
6147
7171
1028
1029
6149
3082
4106
7178
4107
16
4112
7185
7188
7189
5147
2076
1053
6173
5150
5155
3109
5163
2093
7215
5169
1075
52
2105
3131
1086
3137
6210
69
1094
2122
5195
80
4176
7248
4181
5205
1112
2137
2144
6241
3170
2156
109
4207
3189
6262
5239
7288
7289
7296
3201
2180
135
4231
2184
4237
1167
7314
3223
153
2201
1178
3226
4254
7327
7330
167
3240
5289
6316
4269
1198
1201
2225
7347
1204
7350
1211
7355
188
3268
2245
2249
6348
1230
4304
4305
5329
5340
6366
2271
4321
228
1255
3308
2285
4336
4338
250
3322
1275
4349
1282
6406
4359
4360
1290
4365
5389
270
5390
1296
2323
2324
4374
1306
6430
1315
294
298
3370
299
2349
3375
5423
5424
1331
4403
4405
6456
2362
315
316
6462
4427
5451
5453
6477
338
3410
343
5463
6489
1372
1380
360
364
6511
2417
5489
370
2418
6530
4484
4487
4489
6537
4492
6540
1422
1429
5525
410
2458
5532
413
6558
415
3488
4515
4521
426
2474
6571
5548
4525
3505
4529
2490
6591
4554
3535
4564
5594
4573
1503
480
5602
5606
3562
3567
497
501
5623
1528
3577
5625
6652
4608
2564
4612
4615
6663
3593
4618
4623
2576
6673
3602
3603
4627
535
536
3612
4636
3614
6686
3615
2595
1573
3622
5670
551
2599
4649
1584
3632
3634
5682
6706
4665
1597
4669
2624
4673
1602
3650
6725
584
3658
6731
1616
595
6739
2648
6753
620
4717
3695
1648
4722
5748
1654
3702
3703
2681
6778
3713
4740
4742
648
2698
5772
1677
2701
3727
5777
6801
5778
2707
6817
674
1708
6837
1720
6842
3772
1727
4801
717
5837
719
3791
1744
1745
3794
723
4824
735
5857
5859
740
2788
3814
4838
2791
744
1768
3818
5867
749
3821
2801
3831
6904
3839
4863
5890
2820
4869
4873
780
4876
1807
3856
5904
5906
3869
6941
1822
799
3877
5926
6950
809
4906
811
815
1839
4912
823
2871
5945
1856
6976
5953
5955
4932
2894
2897
1875
1880
858
7004
3935
3937
866
4965
7013
870
4969
4970
1903
881
3960
3961
2938
4987
895
897
3970
1923
901
3980
7057
915
7062
2970
6048
5025
5027
4004
4009
2986
6058
6059
953
6074
7101
5056
961
1986
4036
983
7138
7141
5105
1015
4090
6138
3067
1020
4094
3
353
386
10
