582
0
1026
3
1027
4
1030
8
9
1033
1035
12
1036
1037
1039
1040
17
1043
20
22
1046
1049
28
1052
1053
1059
38
39
42
43
1067
1070
1071
1073
1074
1076
1077
1078
1079
56
1080
57
59
1084
61
1086
1088
65
1090
67
1091
72
73
1099
1101
1102
79
1103
1104
1108
1109
1110
1111
88
91
92
94
95
98
102
105
1130
107
1131
111
1137
117
1141
1142
119
1143
1144
122
125
1149
127
1152
1155
132
133
134
1159
137
1162
140
141
1166
1167
1168
147
150
153
1177
154
155
156
1180
157
1181
1182
159
1183
1184
1185
1186
1189
167
1191
169
170
1194
171
1195
1196
173
1198
176
1203
180
1204
1205
1209
189
191
192
193
1217
195
197
198
1223
200
1224
1225
205
1229
1230
207
1231
1233
1238
215
1239
216
1241
218
221
223
225
226
1251
1253
1255
232
233
234
236
237
238
1264
241
1267
1269
251
1275
253
1277
254
1279
1280
1282
260
1284
265
1294
1296
273
1297
275
276
277
1305
282
1306
283
1308
286
1310
287
1312
290
1315
292
1316
293
1317
1318
1322
1323
301
1326
1327
304
305
1332
1334
1338
315
1340
317
1342
320
1344
321
1346
324
1349
326
1350
1352
1353
1354
1355
332
1356
336
1360
1361
338
1362
1363
341
1365
342
1366
345
1370
347
1371
349
1375
354
1378
356
1380
1381
1387
365
1390
1392
371
372
1396
1401
379
380
1405
382
1406
384
1409
1410
387
1413
1415
392
394
1418
1420
397
1422
1423
1424
401
402
1426
403
1427
404
1429
1430
407
1431
408
1434
411
1437
1438
415
1439
1442
419
1443
1446
1449
1450
1451
1453
432
1456
1457
1458
1460
437
1461
1463
441
1465
443
1467
1468
445
1470
447
1471
1472
1474
451
452
1478
455
1480
458
1484
463
1487
1489
466
467
1491
468
1493
1494
471
1497
475
477
1501
1502
481
1506
484
486
487
488
1512
1514
1518
496
1521
498
499
1525
502
1526
504
506
507
508
1532
509
1533
510
1535
512
516
517
1541
518
1542
520
1545
522
523
1548
527
528
1552
531
1555
535
537
1561
539
540
1564
542
1566
1567
547
1571
548
1573
550
1576
1579
1583
1584
1585
1586
1588
566
1590
1591
568
569
570
1595
1599
1600
578
584
588
593
598
600
603
604
605
606
609
612
615
621
622
625
630
631
633
635
636
637
638
640
645
647
652
653
654
658
666
667
668
670
674
675
679
680
682
684
686
689
696
698
700
701
703
705
707
708
709
713
714
715
718
721
722
723
724
725
729
733
734
737
738
739
742
745
750
753
757
758
762
763
764
769
776
779
780
788
791
792
796
798
800
802
803
808
810
811
812
818
819
824
831
832
834
842
843
844
847
848
849
851
852
856
857
859
866
869
872
873
876
879
880
881
882
883
888
891
898
902
907
908
909
910
913
915
917
919
923
925
927
932
938
939
940
948
952
953
958
960
962
966
968
972
977
978
981
982
983
988
989
994
997
1001
1004
1006
1007
1009
1011
1020
1021
98
1
257
4
7
8
9
265
10
266
16
273
19
21
25
27
283
36
292
38
39
40
297
42
300
47
49
308
53
309
311
317
63
68
70
71
327
73
77
334
80
341
86
342
343
88
351
96
354
99
356
102
358
103
364
109
365
115
375
376
378
379
124
125
144
146
148
149
150
153
158
162
167
168
169
174
182
187
188
190
191
192
193
197
199
210
211
212
215
217
218
219
228
240
241
244
248
252
255
