419
1024
1
2
6
7
8
12
1036
1037
14
1038
15
2065
18
19
2067
1044
21
2071
24
1049
1050
27
29
31
33
1060
37
40
1064
1065
1067
1070
1072
54
1078
56
1080
2104
57
1081
1083
60
1084
1085
2109
63
1087
2111
66
67
1092
1100
2124
77
79
81
1105
1107
1109
2133
1113
91
2139
95
2143
97
2146
2147
100
1127
105
2153
106
1130
2154
1132
2156
110
2160
113
2164
1142
2166
120
1145
1147
2172
129
1154
133
2181
2183
138
139
1167
1168
1169
1171
148
151
1175
1196
1197
178
1203
1205
185
189
1215
1219
196
1221
200
1226
204
206
1231
1233
1234
1245
224
225
1251
231
1257
234
236
1270
247
1273
251
252
1277
1284
1285
263
1287
267
268
1294
273
1297
277
279
1304
282
284
1308
1309
1312
1317
294
297
1325
1326
1327
1328
306
308
311
313
1341
1343
320
321
1345
323
1362
341
344
353
1377
1379
1381
360
1388
1390
1394
371
1396
377
380
382
387
388
389
1415
1423
401
1425
1427
405
1431
1432
1438
415
1439
419
421
423
1447
426
428
430
1454
431
432
1462
1465
1466
1467
448
451
1475
468
469
471
1495
475
1500
485
1512
1519
1521
498
502
506
507
508
509
1534
519
1548
1550
528
1554
531
1557
535
1559
1560
551
552
558
559
1584
1589
1592
572
574
575
578
580
1611
590
592
594
597
599
604
1628
606
1632
1634
1636
1641
1642
627
628
630
1655
1657
637
642
643
644
1668
1672
650
1681
660
661
663
665
1699
1700
679
1705
682
1708
1710
1719
1720
703
1728
705
710
713
1737
1738
1739
716
1740
1743
1755
733
1757
737
1768
745
747
1771
1773
753
754
756
1788
1793
772
1797
774
776
777
1803
782
787
1812
789
793
1817
1823
1826
804
805
1832
1837
814
1839
818
821
1849
1850
828
833
1859
1860
841
1866
1867
1868
1869
847
850
852
1880
1892
869
1894
871
872
1900
877
1901
879
1911
1914
1915
893
1920
901
1933
1942
1945
1947
1948
1951
928
937
940
1964
1965
944
946
1972
1973
950
951
1978
1980
1984
963
1990
1995
973
1997
977
2001
2002
979
2004
2005
986
2010
988
2012
990
1000
1007
2034
1011
2036
2038
1016
1017
2041
1020
1022
2046
17
32
99
163
4
7
136
138
44
47
81
114
20
84
151
59
60
95
