170
53
732
1075
1076
57
398
59
741
63
67
1089
69
71
756
1097
1098
417
84
424
764
767
769
89
778
779
98
441
786
107
794
797
798
458
800
120
460
461
126
129
810
811
133
814
819
140
141
823
144
826
146
829
150
152
162
847
849
172
519
861
863
524
184
185
868
189
191
532
193
534
538
878
540
200
882
202
886
887
549
551
893
214
899
561
221
563
224
569
570
911
232
913
574
575
914
577
917
579
580
581
920
923
238
585
926
240
245
589
598
260
601
941
947
268
272
612
283
965
287
629
290
972
973
977
642
644
305
984
989
655
316
995
318
661
664
325
326
1007
1011
333
1015
677
0
1
1021
683
346
7
349
350
12
15
696
17
18
358
1040
701
24
25
365
1051
35
37
720
42
384
47
729
1071
392
2
53
35
