398
2049
1027
2051
1028
9
1034
2059
1036
16
2066
1043
2070
2071
30
2079
1056
1062
1063
2094
2095
57
2108
1088
1089
2115
68
1093
2117
1096
2120
2124
1102
2129
83
1107
1109
1112
1113
2137
93
1121
2145
98
2151
105
1134
1137
1139
119
1143
120
122
1146
1147
124
125
1149
2176
1153
133
135
1159
2185
1163
140
1164
142
143
146
2197
1177
2201
1178
2205
2207
162
1189
1190
2214
170
2218
171
175
2227
181
1206
2230
1207
2231
1208
2235
190
195
1220
198
1225
1226
2255
217
1246
2271
225
2275
2276
1253
230
1254
234
2282
238
239
2287
2290
245
2294
248
1278
2303
2309
263
2313
267
268
2317
1294
2319
2328
1306
2332
2333
2335
1314
2338
291
2339
2343
1320
1322
2349
2351
1331
311
1335
2361
317
2365
2366
1343
2369
1346
2372
2373
330
2379
1356
1357
2381
337
2386
341
2394
2395
1374
2399
352
1377
2403
359
363
2412
367
2416
1396
1399
376
1400
378
385
1411
388
2436
1414
397
1421
2447
2455
1434
1435
2465
1445
2470
1448
1449
429
432
434
1460
1461
2485
2488
441
2489
1466
2490
446
2494
450
1474
2500
453
455
459
2507
460
1484
461
1485
2510
2512
465
2513
468
1494
472
2520
2521
2522
1499
1500
477
1502
1505
2529
483
488
1513
1517
2543
1521
499
2550
1528
2561
514
519
2569
535
1562
2586
539
1564
2588
2589
552
554
2603
1582
559
1584
1585
564
1589
1592
572
1596
577
1602
583
1613
594
596
1622
1627
613
1643
625
1649
626
629
638
1663
1669
647
652
1677
655
656
1681
661
662
1691
668
1695
1696
673
674
675
684
1712
1714
692
1717
694
1718
1728
1729
708
1732
1733
1736
713
714
1739
1743
731
740
1765
1767
744
745
749
1773
753
1783
764
1788
1794
1797
777
786
1810
787
1818
799
1825
802
1828
1832
1834
813
1842
819
1843
1844
823
824
825
1849
1855
1860
1867
1868
1869
853
1877
855
1887
864
867
1892
876
877
884
888
904
1928
1929
910
1939
920
928
1959
1963
940
1964
1965
953
957
1988
968
1992
1993
970
1994
975
2001
2007
984
986
2012
990
996
997
998
1001
1002
1007
2039
8
96
81
146
131
5
23
57
122
