1805
4096
8192
1
8193
12289
8194
4099
11
8204
15
12307
4117
12309
4118
8217
4122
8220
8221
4129
34
8226
12322
4131
4132
4139
12331
8237
12333
8238
48
49
8241
12338
4147
53
56
12346
12348
61
8257
4164
12362
75
4173
8269
4174
12368
81
12369
4178
12374
4184
8280
12376
12377
12378
8283
12379
92
12386
8291
102
106
4203
108
8302
4212
117
119
123
8315
125
8320
8322
8323
136
137
4235
4238
143
4240
4241
4242
4243
4244
149
4245
154
8347
157
8350
4269
4283
4289
8385
196
8390
8391
4296
4297
8395
4302
210
8411
228
8422
232
4328
4331
241
8439
249
251
8448
257
8449
8450
8452
4358
8459
4364
8460
4365
4366
4369
274
8466
8471
8473
4384
4386
8485
294
8489
298
4396
4401
4405
310
4410
8507
8510
4416
321
8514
4419
330
4427
8524
333
4429
334
335
8527
4432
8528
8532
4445
8541
364
4463
8560
4465
370
8564
373
8567
379
383
8575
8577
8578
387
4483
388
8581
8585
8586
397
4494
8591
4499
8595
405
8597
8598
8599
8601
410
417
8613
422
423
4522
428
429
430
4528
434
8627
8629
8630
4539
8636
4545
4546
464
468
469
4566
8662
8664
4571
4572
4575
480
8673
4581
489
4586
492
497
4594
8692
501
8695
4600
8700
4606
518
4616
8715
8722
533
8730
540
542
8734
4640
4645
8744
8745
4651
4652
557
4653
562
8755
4661
571
8767
576
4672
8768
4673
579
4675
580
586
4687
596
4694
4698
4699
4702
4704
609
8805
616
621
4719
8815
624
4722
8819
4724
633
4729
4730
4731
4732
8832
651
656
4753
8849
8854
674
4774
4775
686
687
694
8887
697
698
4795
8892
4806
4807
8905
4818
8915
4821
8918
8921
733
8930
8935
747
752
8945
8948
8952
4857
4858
8954
8956
4861
4862
770
4866
4867
8963
772
774
8966
8967
778
782
784
8976
787
4883
8980
8981
8982
791
793
4889
8987
798
803
8995
804
8996
9004
813
4909
9009
9012
4917
9017
832
9025
9028
9030
4937
842
9035
9036
9037
9041
9045
854
9046
859
4957
9057
4962
9058
4965
9064
9072
4978
9075
9079
888
4988
897
900
9092
4998
9094
9095
9096
5002
9098
907
908
5005
5010
9119
928
9122
931
5027
5028
934
935
5033
9129
938
9131
9135
945
9137
5043
9139
5044
5046
5049
5051
5054
9152
962
963
965
968
9162
972
9164
973
9165
975
977
9171
5079
984
5080
985
5081
9177
9178
9183
5089
9186
9189
9190
5099
9195
9200
9203
5108
9206
5112
1018
9210
1022
9218
5123
1028
5128
9225
5131
9228
1037
5138
1045
5141
5144
1049
5145
1051
9244
5152
9250
1062
9255
1064
5162
9262
1073
5172
9268
1081
5178
5179
5181
9277
5185
1092
5188
5189
9287
1096
9289
1098
9290
1100
9294
1103
9295
5200
9296
5201
9297
5203
1109
1110
1113
5213
1118
1121
1124
9319
5229
5231
9327
1137
9330
9334
5239
9337
9342
1153
1155
1160
5259
1167
5265
5267
9364
9366
5274
1182
1186
9378
9385
9390
9391
5296
9395
9398
9399
5305
5307
9404
5309
5310
9406
5314
9410
9412
1227
9421
5327
9428
1239
5335
5336
5337
1248
1249
5346
1253
5350
1257
9449
1258
5355
5358
9454
5365
1277
9470
5380
5381
1286
5382
9478
5386
5389
5390
9490
1299
9497
1307
9499
1311
9505
5410
5413
5414
1320
5416
1321
1324
9516
5423
9519
5428
9525
1334
9526
1335
9528
5433
5434
5438
5441
5444
9542
5447
1353
9550
9552
5457
5458
9555
9556
9559
9563
9564
1375
5471
5474
1384
1387
1390
1394
9587
9593
1405
5501
5502
1407
5504
1410
1411
5508
5509
9605
1414
9608
5514
9610
9611
5519
1425
9618
5526
9623
1432
5529
1435
9628
9630
1443
9636
1445
5543
9639
1448
1450
9646
5551
1457
5560
9661
1470
9662
1473
5570
5576
9672
9674
5584
5586
9684
1497
5595
9691
1502
1508
1515
1520
5617
9720
9724
1536
9729
5634
9730
9731
5636
5638
1547
9740
5651
9749
9753
5660
9760
1570
5666
5668
1573
5671
1579
5678
1584
9777
1594
5691
1596
1597
9789
5695
9792
5698
5699
9795
1606
9807
9808
1617
1618
1620
9817
9818
5724
5727
9823
5733
5735
5738
9835
9843
5748
1654
1658
5754
1659
9852
5757
5759
9865
1678
1681
9873
9875
9878
9880
1689
9881
5786
5788
9887
5792
1698
5795
1701
1702
1703
5800
1705
1706
1715
9910
5815
1720
9912
1722
1723
9915
5821
5822
9919
9922
1735
9930
5837
1743
9935
9936
5843
1749
5845
9942
5847
9945
5852
1760
9952
5859
9955
1764
5860
5862
9958
5869
1774
9966
1775
9968
5874
5879
5880
1786
5883
5885
9986
5891
1796
9990
1801
5901
1816
5912
1818
10010
5915
10012
5921
5923
5924
10021
10023
10026
5931
5935
5938
1844
1845
10046
5952
5957
1862
5961
10058
5963
10059
5964
5966
1873
5969
5970
5977
1889
5985
10081
5987
10083
5988
1900
1901
1906
10101
10103
6009
10105
10106
1916
10109
1924
6022
10118
10119
6025
6026
10126
10128
10130
10137
6043
10140
1950
10142
6047
6049
6055
10152
1963
1965
1966
6064
10162
6067
1976
6073
10171
10172
1981
6080
10178
1990
10184
1993
10185
10189
6097
6102
6106
6107
2012
10204
2016
2018
10213
6121
2029
6127
10225
2034
10231
6137
10235
6140
10245
10247
10250
2060
10255
6164
2072
10272
2084
6185
6192
6194
2100
10293
2103
6203
2111
2113
6212
10310
10311
6218
2131
2133
10328
2142
2143
6239
10335
6241
6242
6245
10343
10344
6249
2158
2160
6257
2162
2163
10357
6262
10359
6264
2169
10361
2171
2173
10366
10368
2177
10379
2191
2192
10384
10385
2194
2196
6293
2203
6300
2206
10399
6311
10411
2220
6317
10418
2233
10427
2238
2241
10433
10434
10435
6341
6343
6344
2252
6349
6350
6351
10448
10449
6354
10450
2259
6360
10458
2272
6370
2275
2276
6372
2279
6376
6377
6379
2292
10487
2296
6392
6393
10489
2299
6398
2304
6405
2315
10507
10510
6415
2320
2324
6420
6421
10517
2328
6424
2331
6427
10524
2333
2335
6431
2336
6432
10532
2342
2344
10538
6444
2349
6445
10547
10549
10550
2359
6457
10553
10554
2363
10555
2365
10557
2367
2369
6469
2375
10567
10568
10572
2381
10574
6479
2387
6483
2390
6488
6489
6493
10592
2401
2406
2407
2410
10602
6510
10606
10608
10610
6515
6517
2427
10626
6534
6536
2441
6538
10637
2447
6547
2452
6550
10646
10648
2459
2461
10653
6558
2463
10656
10658
2468
2469
10661
6566
10667
6577
2482
6578
10674
2484
6580
2486
10683
10686
2497
2501
6597
2502
6602
2509
10701
6612
2518
2522
6619
6624
10721
2531
6627
2532
10725
6630
2535
6631
10727
2536
2538
10733
10734
2543
10736
10739
10740
6646
2551
10743
2552
10745
10747
2559
6655
2560
10752
2562
6659
2577
6676
6683
10782
6688
10784
6689
10789
2599
10793
10796
6703
6704
2609
10802
6708
6715
10813
6721
10817
6722
6731
2637
6733
10829
6736
10832
10837
10844
10845
2656
6760
10856
2665
6763
2670
6770
2676
6772
6773
2678
2687
6793
6795
10892
6798
10897
2708
2709
6805
10901
2715
6814
6815
6816
2721
2722
6818
6821
2729
2733
2737
6833
6837
2742
10934
6849
2756
10948
10949
2758
10952
6857
2764
10957
6864
2772
2773
10967
10970
2784
10978
2787
6884
2789
6887
10983
2792
6890
10989
2798
6894
2801
6898
10996
6902
11004
11006
11009
6915
6917
6918
2826
11018
6923
2828
6925
11021
2831
2834
6932
2841
6939
2844
6940
2845
6941
6945
6948
11044
11046
6955
11051
11052
11054
2863
6962
2867
11062
6968
2874
11071
11076
6981
2886
11078
6984
11083
2892
6989
2894
2895
6991
6993
6994
11090
2899
2900
6997
2902
11094
7002
11099
2908
7007
11104
7010
2925
7021
7022
7024
2930
11124
2935
2936
7033
2938
2942
11134
11136
2947
7043
2948
7045
11143
7048
7050
2955
7053
7060
2967
11160
11164
7069
11166
7073
2984
2987
7088
2993
7089
2997
2999
11192
3007
7103
7107
11203
11205
11207
11211
3023
11219
11220
3030
7126
11223
3037
11229
11234
7140
11236
3046
7144
3052
11244
3056
7155
11256
11259
3071
3076
3077
7174
11274
11276
11277
7182
7183
11279
11282
7188
11285
7190
3097
7194
11293
7199
3106
7206
3111
11304
7211
11307
3119
7215
3120
3122
11314
3125
7221
7224
3131
3139
7238
3144
11344
3153
3154
3155
11350
7256
7257
3162
3166
3171
7269
11371
11372
7279
7281
3186
11386
7292
11397
7302
3208
11400
7305
3212
3220
7320
3225
3228
3231
3237
3240
7336
3241
3242
11438
3249
7345
7346
11442
7350
7352
3257
11450
7356
3261
7357
3262
7362
7363
7365
3274
3275
7371
11467
11468
7373
11469
7374
11476
11478
3287
3288
11486
3295
7391
3297
3304
3307
7405
3310
3311
7408
7409
11506
3315
11509
3320
11512
3323
11515
3326
3329
3335
7431
11530
7439
7444
7445
11542
3351
7449
11546
3362
11554
7466
7467
11564
11569
11571
7477
7480
11577
7482
11580
11582
7487
7489
11587
3400
7497
3403
3406
7502
11598
11600
3411
11607
3422
11616
3426
3430
7526
7527
3432
3433
3435
3437
11632
3442
3448
7546
3456
7552
7553
3459
3461
11653
3465
11657
3467
3468
7565
3471
3478
7574
11672
3482
7584
3491
3496
11690
7595
11691
11693
3510
7607
7609
7610
11707
7616
7617
11716
7621
3526
7625
11723
7631
7632
3537
7633
11729
3538
7634
11730
11731
3542
7638
7639
7642
11738
3548
11740
11744
3553
11746
3555
7652
11748
7653
11749
7655
3566
7662
11760
3570
7668
3578
11773
11775
7680
11776
7681
11777
11778
3589
7685
11783
7693
11792
7699
7703
3608
11801
3617
3620
7716
11814
7720
11816
7722
7728
7732
3640
7742
11841
11847
7752
11848
3660
11853
3662
11857
11860
3679
11871
11875
11877
7787
7789
7793
7794
11890
3701
7798
3703
3707
3709
3713
3715
3720
3722
3730
3731
7833
11929
11931
7848
3753
11946
3756
11948
3763
11955
11956
3766
3768
11960
7868
3773
3776
7877
11974
7880
3787
7885
3790
3791
7887
11983
3793
3794
11994
3810
12010
7916
3823
12016
3829
7933
3841
12037
12040
7948
12044
3855
7960
7963
12060
7970
7973
3878
3884
3885
12079
3891
12083
12085
12088
7993
7994
3901
12095
12100
8005
12101
12104
3919
8017
8018
12114
12116
3926
8023
3929
3932
12124
3934
8030
12128
8034
3939
12133
3942
12135
3946
12138
3950
12142
3954
12147
3960
12153
3962
12154
3963
8060
8067
8068
12170
3983
12176
8081
12178
8085
8090
8095
12192
12197
12200
4010
8110
8114
8115
12213
12218
4029
12221
12224
4040
8136
12232
8142
12240
8147
12246
8153
12250
8155
12256
12257
8163
12262
8167
12265
12269
4078
4080
4084
12278
8183
12281
8190
11
2
98
338
53
69
392
11
76
140
398
367
