184
774
1509
402
34
1868
1131
760
393
24
756
389
1124
20
1485
2222
1119
14
1484
12
2219
744
1479
375
1477
2211
2209
366
1468
729
2199
1830
356
722
352
2191
1454
1820
2185
710
708
2182
341
340
339
334
1806
1069
1065
1431
318
2156
681
676
1414
2150
2149
1046
1045
1412
1778
1777
301
296
1764
1395
2132
2131
1394
2128
2122
282
1016
1384
1750
1382
1746
2114
1377
2110
1002
634
1737
1733
2099
1361
623
2095
2094
988
248
985
1353
984
243
979
608
1708
1340
600
1703
2070
1331
962
957
2060
586
1688
215
947
1315
2043
2037
565
2030
1661
555
2025
2019
179
1653
178
547
1282
543
1645
1275
537
536
534
524
1258
1625
520
1254
144
513
1616
1981
141
1976
501
1237
132
1231
1966
1227
857
487
1219
1587
1954
475
108
107
842
1939
1199
831
829
460
826
825
87
449
81
817
1553
1183
1182
1178
1910
807
1544
806
1542
431
801
1167
799
428
60
1527
1883
1145
1
38
