503
2048
9216
2
10242
2051
6151
3081
3083
4108
10252
5134
1040
1042
3093
1046
2070
8214
2075
3101
30
10272
33
36
7204
10276
1062
3111
4139
4140
8237
3119
8239
2098
9267
6197
8248
57
1081
6201
3132
8252
7229
9277
3134
10307
5188
7239
8266
1099
3148
9294
2127
4175
10321
4178
7251
10324
5207
8279
88
7256
9304
6233
1116
2140
4191
5217
8291
8294
4199
1129
9325
5230
9326
120
9337
3195
6268
1151
2175
1156
2183
6281
4234
4235
2188
5261
9357
3214
8334
3216
9361
3224
6296
4251
7323
6301
4254
7330
8358
167
168
9387
2222
7345
6322
184
5306
7354
2237
2240
3265
3267
1220
6342
9414
5321
4298
8395
6348
9422
7375
9423
6352
210
4306
1235
9427
7382
8407
9431
2270
7391
2272
6372
3301
5349
8421
9445
3302
5351
1256
4328
2283
9452
3311
7410
1268
5365
3319
1272
9468
253
6398
9472
2306
3330
2307
9475
260
3335
5385
5389
4366
5390
9486
9488
1298
2326
6422
2329
6425
2332
5404
1310
5408
3363
3365
8488
297
2346
8490
5421
9517
3378
4402
5426
8499
6453
3383
1337
6457
6471
8525
9550
335
338
6482
8534
9558
3415
8536
4441
5480
6506
4459
4468
374
5494
9590
9592
1405
4477
4478
5502
9599
387
389
3463
5516
4493
9613
8590
7568
8597
7576
7579
6558
6566
6567
5547
9645
9649
435
4532
4533
8631
5562
9661
4544
449
6594
1480
3531
7631
9683
8660
2517
8661
4567
8665
478
7648
2530
8674
4579
2532
9701
6631
9704
492
2542
8686
5615
5616
7665
7666
499
1524
502
5625
5628
5631
9728
2561
7681
3587
2567
5639
2570
4622
527
2576
3600
5648
8721
537
7706
8731
3612
2592
2594
3618
8740
1573
4645
8741
2599
6696
4652
7724
561
562
5682
9779
1589
3637
570
2619
8765
5694
8772
9801
7756
8783
5712
594
1619
2644
8792
1628
2652
7773
1630
7774
7787
3695
625
6771
1654
7798
3703
8823
9849
9852
3709
4734
643
2692
9860
4742
3719
7818
7819
3724
8844
3730
4760
3738
9882
2715
6816
4772
4780
7855
7858
8884
1717
9909
7862
2743
4791
7864
5819
7868
9916
1725
3773
8893
6847
8895
2752
4806
9926
5832
2763
1745
1749
3799
2779
8934
7917
6896
2801
6899
4854
761
8953
8954
4860
768
4864
7937
6918
7942
5895
1801
5897
8970
782
8980
1826
10019
2854
7974
3879
4907
4909
7981
1841
9009
4915
4916
10036
5947
830
6974
10046
3907
5963
10070
10071
1880
7000
4953
8027
10077
2910
7009
10082
3944
10088
9066
4973
9070
1906
9076
2933
4985
6009
7034
3965
10109
9087
10112
7042
10114
2948
4996
4997
10118
5003
6029
10128
8082
918
5016
1946
3996
3997
5021
2982
10151
937
4011
9131
943
6063
7087
6064
1969
9139
9142
10168
6076
6081
5061
1991
3017
974
5072
6097
2003
6103
4056
985
5084
4064
3041
3047
4073
2029
4078
5103
10226
5107
5108
1013
6134
9207
8184
9208
2042
1
0
