272
0
4
2565
1543
2570
1547
2572
527
18
531
1557
1558
1055
1567
2079
2592
2603
557
2093
1070
47
1071
1586
1075
2611
52
565
567
2107
2108
1087
1600
66
1090
1602
580
1605
1094
74
78
1104
2128
2642
1111
1624
601
1627
2139
2141
1125
2152
2673
627
1141
1653
631
1143
2680
121
124
636
2173
641
1155
1157
1669
134
647
1159
1160
1675
1165
1678
2702
143
2192
2705
146
2195
662
1176
1688
2201
2713
667
1691
2206
2720
163
2723
2727
1707
2226
1717
1206
183
2231
1209
1721
2233
186
191
1728
2241
2243
198
1734
2246
2248
1739
720
1235
725
2261
2262
215
1754
733
226
1253
1767
1256
1768
746
1771
1260
749
1261
1775
752
2288
753
1783
2295
760
1786
1787
1277
2302
255
259
1795
1796
1797
2309
1288
1289
1801
2313
1802
1293
2317
1294
1295
274
1813
278
2327
1306
1818
798
1314
805
1829
1319
2344
1321
811
812
2352
2353
1844
2356
310
1846
2362
828
1853
1342
1344
835
1865
1354
1359
850
2386
343
1369
1882
2395
1374
863
352
353
1890
1379
1380
872
1899
879
1905
883
1401
1913
1402
379
1406
899
1923
900
392
904
1418
907
1419
2443
908
1430
1947
2459
2461
926
416
1954
1445
2473
938
428
941
2477
946
1458
1460
2485
438
1976
953
1978
959
1983
2496
449
2497
451
2502
1992
1481
1997
974
975
1487
2001
2002
984
2520
1499
2523
2524
990
481
2017
995
1513
1514
491
1003
1007
1521
2547
1015
507
1531
4
99
20
139
126
