1500
2249
3449
1049
2114
703
2379
9676
4290
3092
6914
7278
9674
831
964
6916
10747
10002
708
4295
2372
10266
10133
5363
7892
3801
2729
9416
3935
4168
2727
7752
7885
477
344
5488
7754
11328
2603
347
9187
5226
1668
10128
7622
5227
2865
7624
476
5229
7757
2731
9058
3573
6428
1531
10879
4773
2861
6071
3576
4642
5974
8470
4510
7270
3578
3445
216
1660
2990
5975
1791
5833
10381
712
4501
10608
979
5965
8463
2369
4768
10606
4503
9792
1036
848
8461
3307
7267
4505
7000
2232
6901
8201
9662
3309
9795
710
9530
7002
1032
4508
10123
2495
7005
8337
4150
5707
9403
1030
2360
7007
9666
3086
495
2492
10255
4285
5350
3920
8469
8336
2491
8208
3921
9539
6550
4154
4022
10250
7750
3923
6685
5354
719
9171
5343
11318
489
9170
224
6541
6674
3915
5345
11316
2857
6410
2723
5347
7610
353
6415
9040
2720
2853
1521
4891
10114
5217
2985
8942
9179
10733
5218
10601
2983
3431
7749
10862
8591
7391
5961
8592
3300
8949
2106
4898
7260
2238
5821
8450
3425
4889
7386
727
5822
5955
4625
5958
1023
9653
1155
8455
3070
10856
1020
1286
3071
7126
11310
10378
9524
2481
9787
8589
1281
5473
2705
3077
1280
4276
1639
4011
9659
371
8328
2703
7861
11306
6663
1648
7993
1647
4002
8091
5333
104
9517
6532
3904
4269
10239
8092
7995
6664
1778
2976
10
6534
1777
3906
7864
9164
365
11301
232
3907
1776
10234
9161
7601
7734
499
8096
11300
9162
6402
6538
8802
4880
10987
5207
10985
3551
8800
13
7604
4884
8939
8806
4752
7609
6184
7381
8938
4610
1148
2213
5941
2344
8929
1146
738
2477
6176
7373
9029
1278
739
3415
11079
866
6177
10844
1275
7244
1274
11076
8574
7247
5817
8446
9778
7246
1272
4260
10363
9642
9643
9776
387
607
9648
10494
2827
380
4130
4263
7992
8315
8448
2958
1637
7982
3056
6651
2702
2835
248
9508
6650
6783
10229
5322
5454
9506
6785
7853
376
2962
7987
5458
9288
3670
6525
6658
5328
11074
7859
1760
1019
119
4742
748
5627
11241
11240
9452
6827
8122
9325
3841
9323
0
9589
746
747
1925
6470
11116
8870
130
3978
6472
8871
4
2154
7540
7673
3713
398
1089
6342
1921
3
266
11112
8874
7541
9940
7411
6213
10045
395
3707
5137
1095
7799
6335
6468
9097
8998
2517
1318
11108
2649
7404
6209
8735
4685
7182
4421
5884
8739
36
5886
9938
10659
1443
5623
7185
9451
2640
3227
5622
7055
9581
10787
7188
1441
4559
1440
10296
5615
1560
8377
5614
3960
270
5619
9446
9314
757
7790
1914
625
6592
8113
2145
6818
9445
5262
3832
4065
2143
6593
1910
5397
9448
6596
2274
9449
5265
9094
11233
3704
5267
3837
11232
6331
10032
3705
5268
7798
140
5136
5269
1072
6333
5125
1083
6457
1309
8855
6323
9084
8985
7789
6325
8853
10770
135
2503
4672
2501
3476
2899
1301
27
3211
2898
7172
3478
3212
3345
887
4544
5874
5741
888
6942
7174
3347
5611
8240
4545
881
8241
5746
5613
3349
1562
7042
10643
1694
4548
6810
7033
10151
8232
4404
9564
4405
8366
9694
5605
8230
4539
10509
4180
7167
509
6935
7037
8369
9302
6804
9568
7036
5381
5609
9565
8367
1901
2399
10639
10026
2265
5250
4185
4052
154
287
10027
1199
10024
3822
9569
9436
3955
11223
6451
8238
4188
7781
157
2394
7784
7651
6586
6453
284
6452
4058
3826
60
8981
2391
286
10761
5379
1071
4049
10895
5114
7775
6577
5248
1428
3592
53
5117
5990
8847
148
3462
8711
9077
3463
3596
8712
7291
3464
6093
10636
3598
2886
4531
4664
10634
3200
633
899
2752
3467
634
767
4400
4533
3335
5998
9693
5864
6096
7164
9917
6099
4535
10631
1909
3205
763
2008
7287
291
6922
4525
5856
5989
9685
9909
160
4528
6923
647
9689
7157
6925
2388
10626
8222
5370
517
1189
3941
4173
1188
6570
10148
8229
9424
5241
11210
5242
50
51
1409
7641
5244
5378
9429
298
10882
9062
7764
6566
8831
10008
40
5237
6437
6304
1547
9067
5106
6436
4781
1413
2744
8832
10005
4782
8700
2743
8833
1544
5109
2742
4785
8703
7281
3321
512
645
9069
9680
10754
3457
7152
5722
774
7151
10752
3326
5721
9906
8481
9369
1220
9234
3753
3886
1352
8781
1483
10920
11151
3624
5054
10084
10085
6252
7586
5189
5056
3759
9983
6122
7585
1705
3628
8783
5059
1969
8651
86
174
6259
6126
2199
7589
87
11026
8657
1966
6128
8521
8522
4460
10301
9713
9846
3262
8516
4461
9714
5791
4462
9977
6119
4330
10699
10433
2072
783
8514
10563
6861
4332
10431
7091
3002
9848
4201
8291
6862
4335
1229
5667
5534
6865
656
2559
5536
1226
8162
658
6736
6869
1225
1358
5538
2689
2556
5537
785
4207
10306
6605
1223
3882
521
8033
787
9357
7926
10911
8026
9358
7925
10912
11143
11276
10076
184
2670
3875
7570
5173
4941
9229
5041
3877
406
9359
1828
3879
6240
181
10919
6376
5045
10560
11018
8774
7576
5046
7310
11017
6112
4947
1824
10691
11149
6244
6377
4815
8644
3391
6246
1821
11146
11013
5790
7446
6239
10688
7304
66
8636
2062
1963
1962
2061
5782
3385
9966
65
8635
7081
5651
6981
8281
2418
6984
5520
2417
11008
5652
791
10070
2548
9350
3126
5654
8285
2547
7087
1215
9707
6722
1214
3128
5523
2678
4459
6721
6857
10559
4327
7088
4328
8153
3870
6858
5527
7914
5517
1595
6718
4094
196
9344
5160
8891
4930
3600
2049
3734
10061
3735
6497
4800
2046
1814
7564
5167
7696
6365
4803
6232
5036
7699
11003
198
4937
6368
8632
3607
11268
8633
6367
5038
6104
1941
5039
7567
3382
6103
6236
5028
6227
2183
4570
10544
8625
6226
6359
9820
7427
5770
10675
674
10672
4440
1208
3376
4442
5774
670
4444
1338
3246
10418
1337
6840
4578
1203
1336
4579
10416
6843
5511
2533
9341
2532
6978
676
2530
2796
9473
5648
9340
412
8275
8142
6704
5506
9466
7902
1584
11120
9334
6703
6836
5505
9467
1583
11252
1582
3852
2039
5283
1939
1806
7905
4086
9468
9336
3855
7907
8138
5020
11128
9209
1801
2033
8880
1933
11125
6486
3727
6489
11123
8887
7556
7423
8751
97
11254
6357
10664
10797
9810
5016
10532
684
8746
551
7415
8876
4693
7547
3362
8616
906
5893
6218
10661
10794
9948
7192
9945
4564
4698
4566
9592
3368
559
4301
427
8391
4567
4302
428
5898
9817
10538
7198
1322
5502
2652
1454
5767
3107
8262
689
6701
10667
7199
1452
7360
9890
4731
8919
1136
6295
10705
2334
10838
6294
2466
10839
3668
5098
7361
2597
8691
6296
1266
921
10704
4734
9894
8563
4602
7363
2462
309
1131
11199
10968
10832
10965
7233
1130
11065
10966
4738
11197
926
10220
7102
3181
10354
9633
2590
10351
10484
2817
4609
4250
5582
8438
4251
9637
4252
924
10480
8436
2813
5451
9502
2945
7970
3044
1624
4376
8070
563
4111
431
6641
1888
8429
2953
6773
9272
5311
7974
7841
918
10346
919
10210
7976
7710
8072
4248
5579
561
6777
9010
9276
7978
8078
4117
7711
5316
2208
6649
10961
6516
8076
3793
8910
4860
8915
9147
433
300
2205
2204
4862
8913
4730
1004
2468
3521
930
11059
3788
6282
7350
5086
932
4987
8906
2452
5087
6284
7709
933
800
9882
2584
6021
6154
6287
8684
4856
4989
2583
4724
9880
5924
3527
6289
2581
10821
5923
6022
11052
1609
938
6025
8555
1608
806
7222
9754
2806
8689
10472
1380
8420
10340
581
6026
8687
10470
3040
8559
6029
9758
1737
1869
1602
4374
2933
441
8419
5694
1611
8549
443
10469
577
6761
4234
3169
2940
10201
9394
6763
8060
4369
6766
7830
10951
5436
8066
9265
9262
9395
8197
7835
4107
11182
319
9396
11181
4981
7837
10208
9136
7703
5083
3786
315
2323
5072
1378
10947
3643
11046
3777
811
4710
10943
4711
2571
1240
4712
3515
940
6013
10330
2927
8677
6012
4849
4490
10593
6015
9873
460
813
1859
7347
947
6149
10819
2923
11049
8678
1723
10590
11048
8539
9604
5683
321
7339
2931
5685
6750
1731
1864
3023
809
4489
4224
2093
3159
5689
9739
8181
6621
6887
4225
10320
9380
6756
6889
5558
8187
4359
7953
1991
8052
1990
6757
9251
3770
5427
4229
9389
7825
6759
2579
10327
1247
2312
1113
954
7817
4962
9249
3897
10803
10800
1364
10933
824
7818
1496
11031
4832
3635
10099
3768
951
1361
1494
6395
2691
1360
1493
6265
4701
9990
3637
3504
2917
4835
7465
7332
5901
9863
8798
471
7466
9861
1848
7599
9733
7335
11037
10937
1711
1844
9732
3152
10446
10579
1987
6129
1721
4474
8525
8658
1852
4476
6740
10576
595
1982
8529
5677
5544
463
6742
6741
6877
6743
3018
209
7811
7944
11291
7943
5416
469
3892
336
10318
9243
3
21
157
0
