5531
16384
24578
8195
32771
16388
8197
24581
10
16395
32779
16397
16399
32786
24595
16405
23
16407
32794
32797
16413
32799
31
33
32801
32802
8227
32804
8228
38
8231
32807
24616
41
42
46
32815
47
32817
16433
24626
8247
32826
58
16443
60
24639
24641
8257
8258
32834
16451
8260
32837
32839
16456
16457
74
16458
24652
16460
32844
77
24653
16464
24659
16467
83
24663
24665
32859
32860
93
95
8287
32865
8289
24676
8293
16485
16488
106
24683
8300
16494
16496
32880
24689
24691
16500
32884
32886
119
32889
122
24699
16510
8319
8320
130
16514
24709
32901
8326
32903
16519
24712
137
24713
32908
141
16526
16528
8336
24725
8344
24729
32922
32923
155
24731
157
16543
24735
160
8353
24737
16547
8356
32933
166
24742
16551
24743
32937
8361
8363
16557
32941
24751
176
179
24755
32948
32949
16566
8375
8378
8381
32958
8382
32960
8384
24768
24769
24770
198
16583
24779
8396
16589
8399
24784
8401
24786
32978
16598
16601
218
8412
32991
24801
228
232
8425
24817
242
8434
33010
16628
244
24821
16629
24822
33015
33016
33017
249
8442
24828
8444
253
33021
24832
258
24835
261
33031
16649
33035
268
16652
270
273
24850
33042
8470
16664
281
16667
284
33054
8478
8479
8481
8484
33061
295
16680
8488
297
24874
24875
299
24877
33069
308
310
24889
24891
33084
8510
33088
8513
8514
33092
24901
325
16711
16715
16719
8529
33106
339
24916
33108
340
16729
348
8543
16735
8544
24928
8545
16737
354
24933
24934
360
16745
8555
8557
33133
33135
16753
24945
8563
24949
24951
16765
24960
24961
8578
8583
8584
24968
8585
16778
16783
24978
33171
8596
24982
16792
8603
16796
24990
24992
33184
16803
24995
8611
33189
421
16806
8618
16810
430
8625
25011
8628
16821
16822
16823
440
25017
8637
25021
33214
33215
16831
33217
16833
16834
33222
16839
16840
458
33227
25036
460
25038
16848
33232
33233
16850
25043
25047
472
25048
8668
25052
477
16861
478
33247
8676
16870
486
25068
8684
8685
16878
8687
25071
8688
25072
16883
8691
8692
501
8693
503
16887
16888
33273
8698
16890
16892
16894
8704
33281
8707
16902
33287
25097
8713
33292
16909
25102
8718
8719
33295
16915
33302
8727
25112
16920
537
538
25115
33310
16926
8736
545
8738
546
25123
25127
33321
8745
554
8748
556
16942
16943
561
565
25142
16954
16956
25150
16959
579
25155
8774
583
33351
8776
25162
33355
25163
592
16976
25169
16982
16984
25177
8793
602
8794
25178
604
25181
8797
8799
16991
25185
33379
8803
616
25196
33391
33394
33396
25205
17016
25208
25209
17020
33404
8829
8831
25215
8836
644
33413
645
33415
33418
17034
25227
33419
8845
8846
8847
8848
17041
25234
33428
8852
661
25237
663
33431
25239
33436
33438
8864
33442
17059
676
17060
8868
33445
33447
17063
17067
17072
33457
25266
8883
692
17076
693
25270
694
695
33464
697
698
8892
8893
8894
8895
704
17088
705
33476
17092
33477
8902
33479
17095
8904
713
8910
719
17103
33487
720
721
33490
25300
725
8918
33496
25306
730
8924
735
25312
33504
25314
738
17123
33507
25316
33509
33510
17127
17130
8939
25324
25325
8941
749
25327
33519
754
8949
759
33528
8952
762
25344
25345
8962
771
772
8967
33545
779
8972
17165
33549
17168
785
17171
17173
791
17176
25372
33566
17182
798
799
33568
17186
802
33571
805
8998
33575
808
810
813
17201
9009
9012
822
33590
33591
17209
17212
832
33601
9025
25410
835
25414
17224
9033
841
33611
25419
33613
9040
25426
9042
17235
25427
9044
33620
9045
25430
855
856
857
862
25439
33633
9061
33638
871
33641
9065
33643
33645
25458
17276
25469
893
33663
9088
898
9090
17283
33669
25478
903
17290
9098
25482
17291
9100
17295
9106
915
17301
17302
9111
17304
17305
17306
33692
17309
9118
25505
931
33700
9126
17318
9128
17320
25513
33706
25514
939
17323
33707
33709
25518
17331
25524
17332
949
33719
25529
9146
17338
9149
957
959
960
17344
33728
961
9154
17348
25540
9157
33734
9160
25544
17354
974
17360
33746
33749
981
984
17372
9184
25569
9186
994
17380
9196
25582
9200
1010
9203
1011
33780
9205
1013
17398
25591
1016
9211
25595
33787
1024
33792
17412
25606
1031
9223
1032
9226
33807
9232
25616
1046
33817
9243
9244
1054
17440
1057
17445
17448
9259
25643
25644
25646
1072
9265
9269
25654
25656
1080
25658
9275
33852
1084
25662
1092
25669
17477
33861
9286
33863
1096
25673
9289
1100
25679
33872
1105
17490
25683
33876
33879
1117
17503
25695
9318
33894
1127
17511
17512
25706
1130
17516
1133
1137
25713
9335
17527
33912
9336
25720
17532
1149
9341
33918
9343
1151
33920
25735
9351
17543
9352
25737
33929
33930
1162
25739
1167
9360
9362
33939
25747
17555
33940
1173
1174
17559
9368
25752
9369
17562
25758
25760
9377
25763
33957
9383
17576
1192
33961
17580
17584
25780
1208
9401
33977
1209
1210
25786
33979
33980
9404
17596
25791
17599
33984
17602
9412
1222
33991
1224
33994
33997
17613
33998
1231
25807
1232
1234
25811
17621
1238
1240
34008
1241
1242
25819
17627
25821
17629
1246
1248
25826
17638
9446
25830
17642
17643
9451
25837
9453
1261
34029
34032
1265
17649
34035
25845
9462
34039
1271
34041
9465
1274
17659
25855
17663
17666
25858
1283
9477
1286
1287
34057
17674
34060
25872
9489
25873
9491
34069
17687
1303
1305
17690
9498
9499
25883
1310
25888
1312
9505
34083
25891
17699
34085
17701
17704
17706
34091
1325
25901
1326
9520
1329
1331
34100
9526
1336
25912
17722
34106
25916
1343
25920
17730
1347
17732
25924
1350
34120
1354
25931
9549
17742
9551
1365
9559
9560
25946
34140
34141
25949
9566
17759
9568
9577
1388
34157
34161
17781
1397
9591
17785
9594
17791
9601
34179
1413
9608
34185
17802
1418
25996
17805
25997
34189
9615
25999
1423
34193
17816
34201
34202
9627
9628
26014
9633
34215
1447
17831
9641
9643
34222
9647
17839
34229
9653
9660
26046
1470
1471
34240
9664
26050
34244
1476
26052
34245
26054
17863
34249
17865
17868
1485
26062
1486
26063
1487
17875
26067
9686
34262
34263
1495
26072
26075
9691
26078
26079
17891
9704
34286
26095
26097
1526
1527
9719
9720
17912
17915
1536
1537
26116
26117
17929
9740
34318
9744
34321
9749
26138
34337
17953
34339
17958
17959
26153
34345
34347
26158
26159
34353
9777
34356
1591
17976
9788
17982
17983
34371
26179
9795
9797
1606
26182
17990
1607
26183
17994
1614
17998
9806
26192
26194
34386
26196
18005
1621
9814
1623
9817
34393
1626
34396
18012
34397
34401
1633
1634
34403
18025
18026
1644
18029
26223
34415
26225
26226
26231
9847
1656
34424
34425
1658
26235
1660
34428
34430
26241
18053
26245
34438
18054
26248
18058
9870
9874
34451
1684
9877
34454
9879
1691
1694
9886
9887
26271
34463
18080
1696
34465
18081
1698
18082
9890
1699
34470
34471
18090
9901
26287
34481
26289
26290
34483
9909
9910
26294
9911
26295
9912
34488
9914
1724
18109
34496
34497
1731
18116
9925
26309
34507
18125
26319
1745
18133
18134
18137
1753
26333
34525
26335
18144
9952
9954
1763
26340
34534
26344
26353
9974
34553
34554
18170
1786
18173
18174
1790
9983
18177
34563
26372
34564
9989
18182
26378
34571
1803
1804
34572
34574
9998
1807
18192
10001
10002
18199
34586
10011
34590
26398
34591
1823
10016
1827
26404
18212
26406
1832
10025
18218
1835
18224
26416
10038
1848
34618
18235
26427
34621
34623
18240
18241
34625
10050
18244
34628
34632
18249
10057
34634
10060
34637
34638
10063
18256
34641
10066
18259
10068
26452
10071
26455
18267
18270
10080
18276
1892
26468
26470
10086
18279
18280
26476
34669
10096
26481
1906
18291
34675
10100
1913
18297
26493
34686
1919
10112
10113
18306
10114
1925
26504
10121
18317
1933
26512
34704
10133
1944
1950
34719
34720
34722
26533
1958
26535
18343
26537
1964
26542
10161
34739
18357
10165
10166
26551
10169
34746
18367
34753
1987
34755
26564
34758
26567
1991
10184
1994
34765
10189
18382
18383
34771
26582
26587
34781
18397
34784
26596
10215
18407
34796
18412
34798
10223
2031
26609
18419
10228
10230
10231
26615
26617
26619
34811
26620
10242
34819
2051
10244
2054
10247
10248
34825
26635
2060
34832
34836
26644
18455
18456
34841
10266
18459
18462
10272
26658
26660
2085
34854
10278
34855
2087
18472
18474
10286
10288
18481
10292
2102
10298
26683
34876
26684
10303
18495
2112
34880
26689
2114
34883
2115
18501
2118
26694
18502
34889
2127
34895
18513
26706
18515
26707
34904
2138
34907
26716
34909
18526
26719
2143
18528
26721
26722
26724
34918
26727
2151
26728
26730
18539
18540
34924
2160
26736
2161
18545
18546
10355
10357
10359
34936
2169
34939
26747
2174
18558
10367
18560
26754
18563
34948
10375
18569
34954
2187
34956
18572
2189
2194
34962
18579
34965
34966
26774
10391
2200
18584
18587
2205
10399
26784
10401
2213
10407
18599
10408
10409
18603
2221
10414
34992
26800
10417
26803
26805
10423
18615
26807
18620
10429
18622
35007
10431
26818
18630
2246
18633
2250
10443
10445
18639
18640
10448
18642
26835
2259
26836
2261
35029
35030
2265
10459
10460
35036
26844
10461
26845
18654
18657
10466
2277
18661
10470
35047
26855
10472
35050
18666
35051
2283
10475
10476
18668
35052
2285
10482
10483
18675
2292
18676
35062
18678
10488
26873
10490
10491
26877
26879
10495
2306
10499
18691
18694
18695
35079
2311
10505
2316
26893
26894
26895
18704
10513
26898
18709
10519
2327
10521
18713
18720
10532
26917
35109
35110
35111
35112
10538
10539
35116
26924
2348
10542
10549
10550
35127
2364
2367
26943
2369
18753
10562
18757
26949
2374
10566
26952
18760
35145
35147
18765
2382
35150
2384
10578
2387
35157
10584
26971
35168
2400
2402
26979
26981
26984
10600
35176
26986
18795
2412
2413
18797
2414
18799
26992
18801
2417
10610
26994
35186
35187
35190
10615
35193
18809
2427
35196
18816
27009
18818
35203
18820
2437
18822
10632
27016
10634
35212
10637
18830
27025
10641
27026
2451
10644
10647
35224
27034
10650
18843
2459
10653
2462
27039
10659
18852
10660
10662
35239
27049
10667
35245
2477
18862
2479
35252
18869
27065
10682
18875
10684
10685
27071
2497
27073
18883
10692
18885
10694
27080
27090
18898
27094
2520
2522
35290
35293
10718
18911
35297
18913
27106
35299
27108
2533
10726
10728
2537
27114
10730
2539
27115
35308
27117
2543
35311
18930
35314
27123
18932
18934
27126
35320
27129
35322
18939
10747
2556
27134
35326
35328
18944
10753
35329
18946
35332
27141
18951
10759
2570
27148
2573
18963
27155
10773
35350
10775
18970
27162
2587
18971
2589
18976
35362
18979
18980
2598
18983
18986
10795
2606
35374
2610
18996
2612
27190
10806
2615
18999
35386
10812
10813
19006
10814
35390
35391
27203
10819
10821
2632
27210
27214
27218
27220
2646
19032
10842
27226
19037
27230
27231
10849
35427
2659
35429
10858
10859
35435
19051
10860
2670
27246
35438
27247
19058
35442
35443
10871
35447
2681
10873
2682
10874
35452
19068
10879
19073
10881
27266
19075
2693
2696
10890
27277
35470
19087
35474
19091
35476
27286
19095
10905
19097
19098
35485
27295
10912
2720
19109
27301
35493
10918
35495
27304
27309
27313
2738
19124
2743
19128
2745
35514
19131
10940
27325
27326
10942
2751
19136
27329
10948
19140
2757
19141
19142
35526
19143
10951
35527
10955
27341
19149
35534
19153
2769
27349
10967
2775
19160
35546
19164
2791
10984
35560
27369
10986
19180
2796
35565
19181
2797
27376
19185
10994
10995
35572
35573
11001
11003
19195
19197
2814
35582
19198
19201
2817
35586
27395
2821
11013
2823
27399
35591
2824
2825
35594
27403
2827
35595
11022
11023
2834
19219
35604
11029
27414
2838
27420
2845
35614
27423
35615
19232
11040
2848
2849
19233
27428
11051
35627
19245
2861
11053
27440
27441
11057
2866
19254
19257
35642
11068
19261
35645
27454
2878
2879
19267
19268
11077
35663
19285
27478
27481
2905
35674
11099
35675
19292
27485
2909
11101
11103
35680
27488
27489
2913
19298
35684
27492
19300
35686
11111
27495
27499
2927
2928
27506
19315
11126
27511
19319
11130
2938
19324
19326
35711
19327
19328
2944
35713
19329
27522
19331
27525
27526
2951
19336
19338
27531
11148
2956
35727
27535
11152
27537
2964
27542
11158
11159
2968
35737
35739
11163
19357
19358
19359
11170
2983
2986
35754
11181
35764
19384
35769
11193
3001
11194
35772
11197
19390
11198
3007
3009
35778
11203
19396
27588
27590
3015
35783
19399
19400
11208
3017
35787
35790
35793
19413
11223
35800
35801
11227
27611
35805
35806
3038
19423
27617
3041
19426
19428
35812
35815
27623
11240
19433
3049
27626
27627
3052
19436
11246
11247
19440
27633
19441
35825
19442
3058
27635
19443
3061
11253
19447
11256
19449
3071
3074
35844
19460
19461
35845
27654
35847
11271
35849
19469
27662
11279
11283
19477
35861
3094
35864
3101
35873
27684
11302
11303
27689
11309
3117
3119
3120
27696
19506
35890
3122
19507
27700
35896
11321
3129
3130
19515
35901
19518
19522
3139
11331
27716
19526
35911
35913
19529
27722
35916
19535
3151
19536
27728
3153
27735
3159
27736
19544
3160
3161
35931
27741
11358
35935
27746
11364
27749
3176
11368
19561
35950
3183
19570
3186
3187
27763
11380
19574
19577
27769
3193
19578
3195
3198
19584
27777
3202
35970
27779
35972
11396
19589
11397
3205
35974
3206
11398
35976
11401
35979
11405
19600
35985
27797
35990
11414
19606
3224
27801
35994
3226
3227
35998
11423
36001
19619
11429
19623
11432
36008
36009
11435
11438
36014
36019
19637
36024
11450
36027
19644
11455
3266
11458
3267
27843
11461
19654
36040
36041
3275
3276
19661
11470
19664
11473
19666
36051
36052
3286
36055
3288
36056
11481
19675
11484
3293
19677
3294
3297
3298
19682
19684
3304
3307
36076
11502
19700
11508
27892
36085
3318
11510
11513
19707
36093
3325
11518
27902
19710
36095
19711
3328
11520
19713
27907
3332
19716
27908
27910
11527
3336
19721
3337
3338
19722
36108
3340
11533
3341
3342
19730
36120
27930
36122
36123
27933
27936
36130
27940
11556
19749
19752
3368
3371
19755
3374
19760
11572
11573
11576
3385
36154
11578
36155
19773
11582
11583
36164
11588
36166
27975
11593
11594
27980
36174
3406
36176
11601
27987
11604
27990
36184
27994
11617
28001
3435
11627
19821
11630
11632
19825
28020
3444
11636
36214
36217
19833
36219
28028
3452
36223
3457
3458
28038
11654
28039
11657
3466
19850
36234
11660
3472
36241
36242
28050
19858
36243
3478
36247
11672
19866
28062
19870
36256
3490
11683
19876
19877
19879
3497
19882
28074
36266
3498
11691
19884
11693
36272
19888
36273
3507
36276
3510
36281
19897
36282
36283
36288
19906
28099
19909
19910
36294
3527
28104
36297
28107
3534
28111
3538
28116
36309
11735
19928
3546
3551
28129
11745
28132
36325
11749
3557
11750
19942
11751
28138
3563
3564
3565
28141
28142
28143
19956
3573
11767
19961
3577
3578
11771
19963
11773
3586
11780
28164
3592
28170
19980
19983
3601
19986
36372
28180
3606
28183
11799
28184
11801
36377
19993
28187
11806
36383
20002
3618
11811
20004
3620
3624
20009
20011
11820
36396
36397
11822
11823
28207
36402
3635
28212
36405
11829
20024
28217
28218
20026
28219
20028
20029
28221
36415
20031
3648
3650
28227
11844
20036
20038
3654
28232
11848
3657
3661
11853
3662
36431
3665
11858
36434
11860
3669
20056
11865
36441
3675
36444
28252
36445
3678
3679
20063
20064
28256
3684
20068
36452
28262
3686
36454
3687
11879
3688
28266
36460
20079
36467
11894
11896
11897
20089
36474
11899
36475
36476
28285
28286
28287
11906
3715
11909
3718
36486
28298
20108
28301
3726
28304
3729
3731
20118
36503
11927
36504
3736
11929
36505
11930
28314
20122
11937
36518
3750
36521
11946
36523
11950
36526
3760
28338
3762
3763
11958
20153
11962
20155
3771
20156
28349
3773
11966
20159
36544
20162
3778
20163
11971
28357
28361
11979
20171
36556
11981
28367
11984
20176
11988
28372
28373
20185
36573
36574
28382
20191
28384
28386
3812
36580
12005
36582
28392
3817
3818
20202
28394
12011
3819
28395
28397
20205
3823
3824
36598
28406
12022
36599
20216
20217
28409
28410
28411
3836
20222
28414
20224
12032
12034
20226
28419
36612
3845
20231
12040
20232
36616
12041
28426
28428
36620
20236
20237
36623
3855
12048
3857
28435
12051
12053
12054
36635
28444
36642
3874
28453
36645
3877
12070
20263
28456
12072
12074
36652
28464
12083
20276
28469
12088
3899
12092
36670
20287
36672
3905
20291
20292
36677
20296
3913
3916
36685
12112
3922
20310
20311
12120
28505
28506
28508
12125
12131
12132
3942
36712
20328
28526
3950
12142
20335
20336
36721
20338
3956
12150
3958
36729
28537
12155
36731
3964
3965
3972
36743
3976
3978
20366
3984
12178
3986
36756
12181
28565
28566
36758
20376
3992
36761
36762
12187
36763
20380
20383
4003
36771
12195
4006
28585
4010
12202
28587
12203
20396
12204
36781
12206
36785
28594
20403
12211
36788
28597
12213
36790
4023
20407
28600
28601
36796
36797
20413
36798
4033
36802
28612
28614
20423
20424
36808
12235
28621
20430
20431
36816
12242
12243
20436
28629
36821
4056
36824
12248
28634
12251
4059
4065
4066
36835
12260
20453
20455
20457
4075
28652
20460
4077
36846
12275
36853
20469
4086
36855
4088
12282
36860
4094
12288
28673
36870
36872
28680
28683
12299
20492
36878
20494
28690
20499
20500
4116
28693
36885
12309
36887
28696
12315
4124
4125
20510
20512
4129
28706
4134
4135
28711
36904
28712
4137
4138
36908
4141
36910
20528
28721
12341
4149
4154
12347
20540
36926
28734
28737
12357
12358
20550
28742
20554
28747
12364
4173
36941
4174
36942
36943
20560
36944
28752
36948
28758
4186
28764
36958
36959
4191
20577
28770
36963
36966
20584
36968
20585
36972
12397
36975
28785
12401
12402
20594
12403
20596
20597
36981
4214
28792
12409
12410
4218
28795
4220
36991
12415
36992
12416
12417
36996
4229
20615
4231
36999
28807
28808
37001
20618
4235
20622
28814
37009
37010
4242
28818
28820
20628
20633
4249
4252
37023
12448
37025
28833
37027
37028
28836
12454
37033
4266
12458
37034
28843
20652
4271
4273
4274
37043
28851
37045
12469
4279
28856
37049
20665
37050
28859
12477
20670
37055
37056
20673
12483
37060
28868
37062
4295
37065
37067
12492
4301
37072
4307
37077
20693
12502
12504
4313
37083
20699
28891
4315
4317
4318
20702
12512
4320
28898
37091
37093
20713
4329
12522
20716
28910
4335
20723
4339
28917
28919
12536
20728
12537
12538
28926
20735
12543
20742
20743
37132
20751
37136
20752
12561
12562
12566
28951
37144
20762
37149
20766
37155
4388
4389
37157
12582
28968
20776
12585
28970
4398
20784
12596
4405
12601
37177
4410
4412
37180
28989
12605
4414
4421
37193
37197
29008
20816
37203
29014
37206
12630
20828
12638
4446
37214
12639
29024
4448
37217
29025
4450
37221
12646
20839
29032
37225
20841
37226
20844
29036
20845
37229
37231
4466
4467
37237
4470
20857
29050
4475
37243
20860
20861
12670
20862
29054
4479
4480
37248
20866
29058
4484
12676
37254
29064
4490
20875
12684
4492
29071
12687
29074
4498
37267
37272
37274
4506
37275
12704
12705
4513
4514
20898
29093
29095
4521
37289
20905
4523
20908
37293
4527
12720
37297
20915
4534
12727
12728
4536
29116
4542
12735
37311
29120
20928
12736
29121
12738
37314
20931
29129
12748
12751
29135
12752
4561
12755
4566
29142
4567
12760
29145
37339
20956
4572
20957
20959
29153
4579
37349
29161
29162
20970
20971
29163
4588
37356
29167
29169
37364
4597
29173
29174
12793
4602
12794
29180
37373
29182
12798
20991
29184
20996
29188
12806
37386
12810
4618
12813
21006
29200
37394
37395
4628
29205
4632
29208
4633
29209
21018
29211
29215
12834
21027
21028
4644
29220
37413
21033
4650
21035
37420
4655
29232
12848
37424
12850
37427
21043
12851
29237
12853
4663
37433
29242
4669
4670
4672
37441
37444
37445
29255
37448
29256
37451
21067
12875
29260
21073
37459
12884
12885
37462
4695
29273
21081
37465
12890
29277
21086
21089
29281
12898
12899
37476
21094
4714
21100
37484
29296
21104
12913
21105
4723
21107
4725
29301
12918
21112
4729
12922
29307
37501
21117
37503
37504
4736
29313
12930
4741
4742
4745
4751
37525
21142
12952
21146
29339
37531
29340
12957
12958
29345
4770
37538
4771
21155
12969
21161
4778
37547
29355
37549
12973
37550
21167
4783
12977
21171
12980
4789
12983
21175
4791
37561
4794
12986
21179
21180
37566
37567
21183
4801
21187
12996
4806
21190
29384
13000
4810
4812
29389
4813
4815
13007
29392
21201
37586
21203
4820
37591
29400
4825
4827
21211
21212
37597
29407
29409
37601
29412
4837
13029
21222
29419
13036
4847
37615
29425
13044
21237
29429
21244
4860
4862
37631
4864
37632
4866
4868
13062
4871
37641
4873
21257
29452
37645
21261
29454
37650
21275
29467
37660
13084
29470
37663
29475
13093
37675
4907
13099
13102
21294
4911
29490
29491
4917
37685
37688
37689
4922
37691
4926
21313
21317
29510
21321
13129
13135
29521
4945
29524
29529
4954
4956
21340
4957
21342
37729
29538
13155
37731
21347
29540
4965
37733
13157
4966
13159
29543
37736
29546
37740
13165
21358
13168
29552
13169
37746
4978
21364
4982
13174
37751
4983
13178
29562
4986
21372
4988
13181
21373
37757
21374
29567
21375
29568
13186
4994
37762
37763
4996
29573
4998
29575
37768
21384
37770
5006
5008
37776
5009
21393
37777
29586
21404
5021
37790
29598
21409
5026
13219
13221
21413
37797
13222
37798
13224
5033
5034
13227
13228
13229
37806
29614
29615
37808
29620
21428
37813
21429
29622
21431
29628
5052
29634
13251
37830
13255
21448
13258
21454
29646
21455
13264
5073
13266
29651
13268
29653
5077
21461
5078
13272
5080
37853
29661
21470
29664
21473
21475
13285
37863
37864
13289
13294
29678
29680
37875
29684
13300
5109
21495
5111
29688
21496
37880
13305
37883
29692
29693
21502
13312
13318
29703
13321
21515
29707
37903
21522
5139
21523
29716
37909
13334
29719
13336
29720
37914
37917
13343
29727
29728
29731
37923
5156
37926
13351
21544
5162
5163
13355
21548
5166
29742
21550
5169
13361
29748
21558
37943
5175
37944
13369
13370
5179
29755
5180
29758
21566
13375
21570
13379
21572
5188
5190
37960
13384
21577
13385
13386
13387
37963
29777
13393
37970
13397
29781
37973
5206
29784
13401
5209
5210
37978
21595
5213
13405
37982
37985
13410
29794
29798
5227
37995
29806
13432
38008
5241
5244
21630
29822
13438
29823
21631
13440
21632
29828
13447
5258
13452
21644
29837
29839
21649
5265
21651
13459
38037
13462
29847
21657
29850
29851
13468
13469
38047
13473
21666
5282
5283
5285
5286
38056
29866
38058
29869
21680
21681
5298
38068
29878
21686
5304
21688
13496
5305
38074
5310
13502
21694
29886
13505
29889
5313
29891
29892
5318
13511
38087
13513
21708
29902
29903
5328
13520
21713
29906
38098
29907
13524
13525
21719
38104
21721
21722
38107
13532
21727
38113
21732
5354
13547
21740
29935
13553
38129
38130
38132
29941
21749
5366
13558
5367
13562
21755
21756
38141
5376
13569
13572
13574
38152
5386
21771
21772
21774
38160
29971
38163
21781
21782
38166
13592
21786
21788
38174
29989
5413
21803
29996
38188
21806
13616
5424
21809
5426
21810
5429
13621
5430
30007
38200
21816
13628
5440
30017
21827
30021
13638
30023
38217
5449
38219
13643
5453
5454
13647
5455
5456
13650
30037
30038
5463
5464
21849
38235
13659
30044
21852
38239
21855
13666
13668
13670
13671
38247
5479
5482
21867
30060
21868
13677
13678
21871
38256
5488
38259
21877
13685
38265
38266
5498
13695
21888
38272
30082
13699
5508
5509
38277
5512
13705
21899
5515
5517
30096
5521
5522
21907
5525
5526
13719
38295
13720
21913
13722
30108
38300
5532
13725
38301
30110
5536
13728
5538
21924
5540
13733
21926
5543
30121
5553
5555
30131
21940
30133
13750
30136
5561
30138
21946
13754
38330
38331
13755
38334
38335
5567
5571
5573
21961
38346
38351
30161
30163
30164
5588
30165
38360
13784
13785
38361
21982
13791
5600
21984
30177
21987
30179
5606
5607
38375
38377
21998
5615
22000
30202
22010
13819
22012
13821
38398
30207
22018
22019
30212
38406
22022
5639
5642
13835
22028
30220
22030
30223
38416
30228
13845
5655
38429
5665
13859
38435
22052
22053
30247
38442
22059
13867
30252
38446
38448
22065
5683
22067
22068
22071
13883
13884
30272
5696
30276
30277
38470
30283
22092
5712
5713
13907
38483
30291
5718
13910
30296
38488
5722
30300
30301
13918
22114
5730
30307
13924
13925
5735
22123
30315
22124
30317
22128
13936
30323
13940
30324
13941
22133
5750
13943
13945
5754
22140
38527
30337
30338
38530
30339
5767
13959
13961
5769
22154
13962
38539
30348
13964
30351
13970
5779
22167
22170
38555
30365
30367
22175
13983
22179
22180
30373
13989
5797
13990
22185
13993
30379
13996
38573
13998
30388
14006
22201
14010
22204
14015
38592
38593
22210
30402
30403
22211
30404
30405
5830
30406
14022
22216
30408
5833
22217
30411
14028
22221
5838
14030
22224
5840
22226
30418
30420
14039
30428
38621
14047
38623
30432
30433
38627
22244
38628
5862
30438
30439
14055
5866
22253
38637
14062
30447
5872
22257
5875
30452
5876
38645
22262
30455
14072
30456
14074
38652
30461
30462
30463
5890
22274
38660
14084
14085
14086
38663
14090
22282
14091
22288
22292
5908
14103
5916
22300
30493
30494
38686
5921
30500
5925
38694
38695
14123
30508
5932
30509
30512
22323
22324
22325
30518
30520
5945
22330
30523
5951
14144
30528
5954
5955
5957
30536
5961
22345
5962
14158
5969
14161
38737
38739
30547
30548
22357
38741
30550
14167
38743
38744
22363
5979
38748
22364
38750
14175
38755
5989
30565
30572
22384
38769
6003
38773
6005
30586
6011
6012
14207
14208
30594
38789
14218
22411
14220
14221
6030
22415
6032
38802
6034
6035
38805
14230
38806
30615
38808
14234
22426
22427
6048
14240
22433
30625
6054
14246
38823
30631
22442
30636
30637
6063
38831
38833
6066
38837
6069
22454
38839
6072
14269
30655
14273
6081
22467
22472
6089
38857
22475
38860
14285
6096
22481
38867
22485
38869
38870
30678
22487
38872
30681
22489
22490
14299
6110
22494
30687
14306
30693
22501
22503
14311
38887
14314
22507
30699
14316
30700
38894
6127
22515
30707
38907
30716
38908
30717
6142
30718
22527
30719
38912
22529
30722
30724
38920
30729
30731
22541
38926
14350
38931
6164
6165
38934
30744
6169
38938
6171
38939
14363
38940
38947
38948
30757
30760
14376
22568
14377
22569
6186
30765
30766
14383
6193
30770
30772
22580
22583
14391
6199
30777
30778
6203
22587
38972
14399
38976
30784
22594
14405
30790
38984
6216
22600
30794
14412
14413
6221
30799
6224
30801
30803
30808
14426
22622
22624
6241
39009
22625
30818
39011
30820
14437
39013
39014
14440
6250
22634
14442
39019
6253
6254
14449
14453
39029
39030
6263
14456
30841
14462
30846
30848
30849
30851
30853
30855
30857
22665
22670
39055
14479
22673
30865
22674
39058
14482
39059
14484
39066
6298
14492
22687
30879
39072
14496
14497
39077
14502
6311
22696
14504
39081
6315
22704
22705
14514
14515
6323
30900
6324
14517
39096
22715
14525
30911
22723
6345
6346
22731
39117
6349
30925
39118
22736
6355
22740
6356
22741
39127
39129
14553
22747
30942
6369
30946
14564
30949
6375
30953
39145
22762
22764
6381
22767
14576
22769
30963
22771
14581
22774
30967
6393
6394
14587
6395
6398
22782
39168
14593
6402
30980
39174
6407
39175
22793
14603
6411
14604
39180
30989
30990
6415
14609
6421
30998
39193
31001
14619
14622
22816
22820
22821
31016
14633
6444
31022
22831
31023
39218
14652
39229
6462
6463
6464
31041
14660
31046
39238
22855
31049
14667
6475
39244
31054
22862
39247
31055
31056
6481
39251
39254
6487
6488
39257
31065
6489
14682
6491
14684
14686
39263
14688
31076
39268
6501
22886
39272
31080
39273
14698
6507
14700
22894
6511
22895
6512
31088
31089
31091
14707
22900
31092
39286
6519
39291
22908
39292
31100
6525
31101
14718
22911
6529
22916
6534
39302
14728
31115
6540
22924
39311
39313
6547
14739
14741
31127
6558
6560
22950
22953
22954
39338
31148
22959
31151
39345
6577
22963
31155
22967
22969
14777
22970
31164
22972
39356
31166
39359
31169
22977
6594
31172
22982
39366
39368
6600
14801
22993
14802
31188
39381
22997
14806
39384
31192
14809
31194
14812
39388
14813
39391
31199
31201
6627
6628
23013
39398
14822
31207
23015
6632
23017
14825
23018
39402
31213
31218
23028
31222
14838
31224
14840
6650
39419
31228
31229
14845
6654
39423
14847
23040
31236
6662
39431
6663
6665
14858
14860
31245
6672
31248
23056
39442
39444
6676
6680
39448
39449
23069
39453
23071
23075
39459
6691
39467
31275
23085
6702
14896
23088
6704
39473
6708
31286
14903
31289
14906
31290
23099
6715
31292
39487
6720
14912
14914
6723
14917
6725
31302
31304
23113
39497
39500
23116
6735
23119
6736
23120
6737
14931
14934
6742
39512
31320
31321
39517
31328
14945
14947
14951
6760
14952
14955
23148
31340
39532
23150
31342
31343
23151
6768
23153
31346
39539
23155
31352
39545
23162
14972
6780
6785
6786
14980
31365
39561
6794
6795
14991
39568
6803
14996
6805
39575
23193
39578
15002
23194
31388
31392
23200
6817
23201
6819
39589
15013
39591
39593
23211
23212
31405
31406
23215
23216
6832
6833
31409
23219
39606
31420
39616
15042
31426
6851
31427
31428
31433
23243
39630
6865
39633
31442
39635
23253
6871
6872
23256
15066
23259
6875
23261
6877
6880
39648
39650
15075
23267
39652
23270
6886
31463
6889
15081
23275
39660
39661
6894
39662
39664
23281
6897
39668
31478
15094
6903
39673
15098
39674
39675
15099
6911
31487
39679
23297
23298
39683
23300
31493
23302
15110
39686
15111
6919
31498
39691
39692
15116
39693
39696
31507
31508
15124
39700
23317
6941
31519
23329
15137
15139
31524
6951
31528
31530
15147
23340
31536
6965
15159
15160
23353
23355
31548
31549
31552
6978
23364
23371
6989
6990
31566
31569
23381
23382
15192
15193
23385
15194
23386
7003
7006
31584
31585
15202
15203
23399
23400
15214
31598
7025
15218
15220
7028
15223
7032
15228
31612
23423
15234
7043
31623
23438
31631
15251
31636
31639
31641
23450
15259
23457
15267
15268
31654
15272
31661
7085
31663
7087
7090
15283
31670
15287
23479
7096
15289
31674
15292
23484
31678
15295
31681
15297
15300
7109
23495
7115
23501
7119
15316
31700
23511
31713
31715
31716
15332
31726
15342
7150
23539
15347
23540
15352
15353
23545
23547
23554
23556
7173
7174
23562
31756
15377
23571
15380
15382
23575
15385
7199
23585
31779
15402
7210
7212
23598
31794
7218
15411
23604
23607
23610
31803
15419
23616
31810
31812
7237
23621
7240
31816
23628
15440
7251
23637
7253
31830
31833
7259
7263
7264
15457
31842
7267
31846
7273
23658
31853
7277
31854
15470
31855
31861
23669
7286
15479
7287
15480
31864
7288
7289
23674
7293
31873
15489
15491
23685
7307
15502
23696
31889
31890
23698
31891
15508
23701
31895
31896
15512
7322
23707
15516
7327
31904
15525
31909
7334
15527
23723
15534
31920
15537
15538
23731
23733
7354
23742
31935
15552
31936
23746
15556
7365
7369
15562
31948
7374
7376
23761
23762
7380
31963
15580
31970
7396
7398
15594
7404
31983
15599
31984
23793
15601
7410
31990
15606
23799
15608
23804
31998
15614
23807
32000
15620
15621
32006
23817
32013
15630
23824
7440
32017
32018
15636
32021
23829
15639
15640
32024
23833
32026
23836
7452
15644
23838
7456
32034
23842
7459
15654
32039
7464
15663
32048
23856
32050
15667
7475
23862
23865
32058
7484
32061
7485
32065
7492
7494
32073
15690
7498
7499
23883
15692
15693
7503
32079
32080
32083
15701
7520
32099
7525
7526
23912
23913
23914
7536
7537
15731
15734
15736
7547
23931
7549
23933
32126
32129
32130
15747
15749
32133
32138
23948
7565
7566
32142
23953
23955
7572
23957
23959
7576
15768
23962
7579
15773
23969
7587
32165
15781
15784
32169
32170
7597
23981
32174
32175
7602
32179
32180
7605
7612
15808
7619
32197
7621
15815
7623
15819
24016
32209
7636
32212
15829
24028
7645
15838
15843
7653
15845
7655
32235
32237
32239
15859
32244
24052
24056
15865
24057
24058
32252
24061
32254
7679
7692
32268
32269
24078
7694
15891
7703
24088
32280
24091
32284
7708
32285
7712
24098
32290
15910
7719
15913
32298
15914
24107
15917
32304
15920
7729
32305
24114
15925
7734
7736
24123
15932
32318
24126
7744
24130
7747
7748
32328
7753
7754
15948
24142
32336
32337
7766
24151
24152
7772
24158
24160
32352
15970
24163
24165
15976
24170
7787
24171
24172
7789
32367
15987
15988
32372
15992
7807
32383
15999
32384
24193
24196
32390
32392
32393
24201
16009
16013
24207
16016
24212
7829
32406
16024
16026
16027
7838
32414
16031
32415
7839
24226
32418
16036
32422
16038
24231
16040
24234
24235
24237
16046
7855
32432
24241
16059
24252
24253
24255
7871
32447
16066
24258
7879
16071
7881
7887
24271
24276
16084
7897
32474
32482
24292
7909
16107
16108
7917
16109
32496
16112
32499
24307
7923
7924
7925
16117
32502
16123
16124
7932
16125
24317
7933
16127
24320
32514
24327
32523
24333
16142
7950
24335
7955
16148
16150
16155
32539
7965
24350
7967
32543
24351
24352
7970
32549
24358
16167
32551
16169
32555
16173
7984
16177
7985
32562
7987
7989
24375
32573
24382
32575
16194
8004
32581
32585
16201
24394
8011
32590
32593
24406
8023
32601
16218
16219
16220
8032
24417
16226
32610
32613
8040
32618
16234
16237
8045
24431
32624
16240
32626
8051
8052
16245
24437
32633
32634
8060
32637
32638
32639
16256
8065
16261
24453
24454
24455
32648
24456
16267
16268
32656
16274
16275
24467
24471
16279
32664
16281
32665
16282
32667
24477
24480
16289
16293
8103
16296
8105
16297
32681
8106
16298
16299
8108
16300
16304
8115
32697
24505
16314
24507
32700
32707
16324
8133
32709
8136
16329
16330
8140
16332
24524
16334
8143
8146
24532
8150
16342
16346
24540
16348
16351
32737
32739
16360
24559
32753
8178
16372
16373
24567
16376
32761
8
0
211
150
266
221
158
478
383
