511
2049
2
1026
2050
5
1029
2054
2055
1035
2059
1037
16
19
1043
1045
24
2073
1051
30
35
1060
37
1062
2089
44
1072
2097
1074
2098
53
2102
55
1079
2103
2104
64
2113
1092
70
1094
1095
1096
1097
74
75
2125
79
82
1106
1114
92
1116
95
96
2144
2146
99
2149
2150
2151
2152
2153
1130
107
2157
1138
1145
2169
122
2170
125
1150
2178
1156
1160
2184
2192
1169
2193
146
2201
154
2209
2212
167
168
2218
1195
173
1198
1202
2226
1203
180
1204
1208
1209
2235
1212
2236
1216
193
1217
2241
194
195
196
199
2247
1224
201
2251
1228
1230
2256
209
1237
1238
216
1240
1241
1243
221
1246
2271
2274
1251
2276
2279
1257
238
1262
241
1268
2292
1272
1278
2308
2311
264
265
2313
1293
1294
272
1296
1299
276
1300
1303
2327
283
1308
287
2337
1316
1317
1320
1325
1326
1327
2354
307
1332
2358
311
313
316
317
2370
1348
1351
1352
2379
1356
2381
1361
1363
1365
2389
344
1368
345
1372
2396
351
1377
2405
359
2407
362
2412
2417
2419
1399
2424
381
1406
1410
1412
391
2439
395
2443
1420
2451
1428
406
407
2455
409
2458
412
1441
2465
1443
423
1447
2471
1448
2472
426
427
1451
1452
1456
2482
440
442
1466
2491
444
2492
1469
2493
1470
447
449
2501
454
2502
1479
1483
1485
1487
1489
2515
1492
475
478
480
1504
481
1505
483
1507
1509
487
2536
491
1515
1517
2544
1521
498
2546
1523
500
503
2551
2556
2558
511
2560
2562
1540
518
1542
2575
2576
531
532
537
541
1565
1566
1568
1569
2593
1570
2594
548
1572
551
552
1585
562
2610
2611
1588
566
2614
2619
572
1596
2622
2623
578
582
1608
585
2634
588
590
1619
1620
598
2650
1627
2654
2656
1634
2659
615
1642
1645
623
2671
2673
1650
627
1651
2675
1654
2679
2682
1659
1661
2685
638
639
1663
2688
2689
1666
644
2692
2693
1670
648
2697
650
1674
1675
653
654
656
2704
659
1684
2708
1686
665
1691
2718
674
1702
683
1708
2735
689
2737
690
2739
694
2742
2745
698
1726
1727
1729
1730
2757
2763
1740
717
2766
719
1743
1744
725
2773
1752
1753
734
2782
735
1769
1771
749
2797
751
2800
1777
2803
2807
762
768
2820
2821
1800
777
1801
782
1808
2837
1814
1821
803
2855
811
1835
812
813
2862
815
1839
2865
1842
819
825
2874
1851
828
830
2878
1860
1861
1865
845
1871
2897
1876
854
1878
2902
857
1882
1883
864
1889
866
870
871
2919
872
2923
876
877
2926
880
882
883
887
1911
2935
1913
1914
1916
1917
1921
899
902
910
1950
1953
1954
931
936
937
938
1963
1965
1969
1971
948
951
953
1984
962
1987
1990
967
968
1992
973
1997
2000
2004
2006
985
989
993
995
1005
2033
1011
1014
1019
2043
2046
3
69
25
106
