1284
2116
6077
4513
6910
967
3449
8342
4514
835
6078
2246
3319
6914
8345
2111
8479
7015
4160
6915
1176
7149
7016
6690
2372
4031
1173
4032
7892
3935
4168
5100
5355
6687
2605
5223
5356
6420
7754
2736
5225
7753
1669
5359
2734
341
2998
2732
7624
2864
1665
1532
219
2730
2863
7759
4774
2860
3310
5971
961
4642
2992
3311
1794
2991
3445
6072
3312
4511
1792
7272
5842
6074
4778
7263
4501
7262
8330
2235
4636
4503
5701
6199
2366
7134
1035
3308
1034
2364
7269
5839
2363
2362
7138
1031
2361
6905
361
5483
6681
4285
6680
496
4020
1293
5485
4154
4287
4021
1292
2717
4022
5353
1518
5221
2715
4278
4012
3913
5477
4279
5476
224
1526
5345
5479
6544
4148
6410
2856
6679
7744
352
1523
7743
220
354
4018
7612
3560
5218
6190
2851
4893
1652
4760
7747
4761
5960
2980
8591
1782
3300
7618
4897
1780
4765
7260
8590
7384
6186
6053
2358
1026
8584
8451
7120
1158
3559
6054
1024
6187
4625
1289
7122
7255
988
3070
2484
5826
7389
4629
8586
5829
241
8323
1509
8329
4142
4143
3911
3078
4277
368
4267
3902
5597
103
5200
4136
7995
5466
1778
3906
5337
6668
7600
3681
6538
7603
4008
6404
4881
7868
983
7605
4883
6539
7737
5950
3553
3421
7382
4753
5952
1028
5951
7608
869
3545
603
6173
2345
7374
3414
4612
606
1012
4746
2475
865
732
1277
7242
2341
600
5815
1142
4616
735
3192
5949
8314
3063
8578
1629
4263
8090
7992
1626
4265
5462
383
1637
2835
7109
6650
6783
2701
1502
7983
2965
5454
6785
1899
2964
6655
1632
244
6521
245
7721
246
4128
6526
1762
3671
7856
8088
5329
731
1892
3541
1891
4873
7727
3542
1890
7370
3676
992
6171
3411
7729
5759
7189
8257
3971
390
618
4071
3972
2028
744
8127
5271
612
5272
4074
879
8258
2023
2
3844
3977
6340
2155
1
131
264
2287
5010
7540
398
6342
1921
4079
2020
1088
3715
2151
5279
5147
5014
7544
3490
7543
6212
6345
7534
2519
6338
3482
3350
3483
8604
5008
5881
3485
2515
3486
3221
5882
2646
7182
3222
7181
874
5621
742
7183
610
743
2641
1443
4424
2640
3227
4425
4558
1574
4559
3229
8251
627
4417
4191
8243
1916
8248
8115
2147
8249
4195
6592
2012
626
3964
2277
4064
6594
5263
276
3967
1077
6596
2274
5265
1076
7530
5133
5399
5267
6597
3705
7798
1073
6334
140
7531
2270
6466
7521
7787
2507
5128
6325
2505
8720
1439
267
2637
6327
135
268
3340
2503
1569
21
5870
2634
1302
752
4542
753
8370
886
3212
2631
7171
622
7041
2762
3347
8240
6941
3215
1563
4679
7043
5879
8371
2892
5878
751
6943
1681
8365
6933
1906
8363
8496
8230
5737
3209
509
4407
8497
635
4408
6804
7036
4409
3951
637
2000
505
2265
5250
2132
1067
5251
155
2263
2394
3824
1063
5255
5388
3958
151
3959
8109
7520
6588
5257
6587
5113
6445
7642
7775
2628
7645
7778
7512
5115
5248
2627
5249
53
892
4791
5117
3460
2625
2889
5991
2622
4662
897
6319
1422
3465
500
5996
899
2751
634
1420
2750
3335
1552
3203
7297
5601
6099
4535
7296
5733
3338
8360
290
5724
8486
7286
5856
8221
292
7156
8351
8484
4528
161
1059
7025
514
8224
8357
648
7157
515
8358
8222
5370
4172
2120
2384
2383
4176
162
6573
3814
2380
164
7640
298
7631
3806
1549
5237
4039
5105
6304
2879
7501
2745
6439
2611
5108
3451
1677
8705
1411
510
8706
3586
644
2874
6083
4653
6309
5983
7507
3322
7283
2871
1673
8350
3325
774
8708
5987
2129
4657
5408
5182
3752
8039
5050
1485
5184
3887
526
7809
7581
2907
6120
4955
7583
529
1480
6252
1839
2904
6388
7585
1705
83
6121
2069
7455
5058
8650
7321
6123
6256
2901
1968
3270
6126
1834
1701
8657
4470
7326
7459
2064
4471
177
4593
7449
780
7448
3130
3263
4462
3397
7318
8513
650
2071
1971
3001
5795
5662
7091
4466
5665
1970
6730
8518
7930
522
8163
788
4468
4203
1228
8031
2559
6864
4469
1226
1359
3007
2424
2557
4338
3880
2689
8167
6735
652
2555
8168
8032
5406
6604
2420
8166
7802
5407
6728
6727
1472
3743
5175
407
6241
180
7571
3613
408
181
4945
5178
7573
71
3749
1825
6378
3617
3390
6111
4948
74
186
3391
6247
2187
6113
8512
187
3393
4818
1964
2063
4581
8503
2062
7569
7436
6108
2194
7439
4584
795
5781
6982
2192
4454
4587
7083
1219
2190
790
69
7309
4323
7085
5788
3125
8284
8151
6853
7084
5521
8285
402
2414
5524
536
2413
2546
4458
1214
5523
2412
4459
3129
4327
8288
1212
1345
2676
8156
6859
1477
532
665
1211
8287
8021
6849
7914
1330
4319
5291
7916
3862
8145
8278
5519
6490
8279
8013
7691
417
3997
190
4097
8019
191
1817
3999
5164
3867
2048
902
5165
6497
1814
2045
4802
6233
2177
3607
3380
6367
7568
7435
5038
6237
1941
901
7567
5770
6228
4572
4440
4573
2407
4441
8629
1208
7428
5771
2406
5641
3379
5643
5776
413
3247
3114
8273
2535
4313
1336
3248
5778
5512
548
8271
2666
1334
675
8010
6978
4315
1599
1333
1200
3119
411
4317
545
6704
7069
4307
8268
5638
1583
6969
8000
3850
7904
3983
1582
3984
4084
429
7906
4085
5151
3854
7680
8138
1802
4922
2033
3858
98
1099
2296
2163
7553
1098
7689
96
7555
4918
551
7415
5018
685
8610
4560
4562
8617
7549
6960
3365
5895
681
4431
7191
3499
2525
5764
8393
4433
1458
3235
559
7196
8618
1457
3103
6963
3237
4435
3238
554
2653
4569
7064
1587
5634
422
6702
3980
7360
2467
4864
7362
7495
1134
8690
7361
2464
1399
1266
7497
8430
4735
2595
3538
5800
1131
3406
7232
4738
5805
7368
926
4606
7101
4381
1392
2817
5580
3183
7369
8300
5809
7105
1749
2814
8436
8303
8569
4253
5451
7107
6781
7970
6772
2823
1623
4244
4377
4111
564
1888
1622
565
3047
432
2820
6640
1754
918
5578
4247
5445
7843
7710
693
7975
7978
7711
7844
1882
2208
6648
5318
7846
1880
4993
7716
6517
4994
434
1005
1138
4730
1137
3532
1124
3654
3787
3522
2587
7350
4854
7352
2584
3658
6287
4856
7484
6020
7487
6156
7486
1609
7489
5925
806
4728
1380
3171
3172
934
4371
4372
935
3041
1868
4363
4230
574
3032
2944
3033
8192
6892
4100
5696
5563
7962
3036
5566
1874
5565
8196
8063
6630
4103
572
6765
5436
8199
8066
8067
318
7835
7968
8065
4108
5080
6506
4109
1127
7969
579
6508
1126
314
4851
5083
7705
3520
4840
3642
6271
810
1111
945
812
4976
6142
4844
3647
1373
6274
4845
5078
8670
7474
3649
5911
1371
7477
590
6146
7210
7479
2926
4717
3160
4492
1859
2923
815
7217
3296
8678
8412
3164
1734
6881
320
1733
1600
4485
3287
3021
1732
3155
4221
323
2095
1862
8408
5689
5556
6621
6620
6886
2091
8055
6755
7823
2449
3770
7955
6627
7825
2447
5429
2446
1114
8056
2577
2431
3630
3764
7816
5195
3898
1364
1363
2560
5197
8660
6130
4965
2692
5198
4966
4833
1360
4834
2690
1492
4836
6267
8664
1717
470
5904
7467
6003
4838
8662
6269
4839
6268
7336
2912
1713
8403
4350
7337
8534
6139
1855
4472
4473
4340
3275
1852
8659
1985
4342
7329
594
1983
2081
5544
330
5411
331
2307
4479
5546
8042
1107
5545
8176
6610
4216
6878
2569
3892
2302
6747
1102
8177
205
339
1101
13
100
325
45
33
393
142
55
370
110
77
119
307
319
