4343
35919
62438
38415
14449
16849
44301
45764
62439
40860
4161
4162
48264
30181
30184
54148
30186
16842
9051
30175
35072
34974
60030
25236
32575
51657
59042
11944
12043
29193
9056
31115
59047
9057
33518
67325
37473
18396
62426
14436
14437
40879
66382
66385
19330
39888
19331
54139
493
55599
30197
32585
27645
33522
6546
58097
59030
487
27642
25246
11932
8948
35924
34988
35925
19323
10998
38420
66379
41800
27649
18384
67355
45785
20354
16820
41827
20356
18383
22752
11924
40888
44325
11923
20352
40885
25255
22758
40882
56568
58970
4142
22754
59070
22757
52607
37490
7994
6530
49229
30199
58962
27659
7995
52612
9031
499
33532
37499
13482
9035
11086
39892
36033
44330
44314
62442
60043
15871
3198
60047
25260
4121
31145
7981
54168
8083
7984
4124
36041
4125
1633
50203
52600
58954
27666
8923
13471
14409
35948
41822
36045
63855
13028
59006
12929
44785
12927
44787
54106
35037
24251
39838
43325
47289
21750
61454
54100
19385
19383
45726
11984
45728
26651
21758
50675
24253
58063
53170
57965
2644
66349
10525
35033
58068
10524
58069
30139
58903
34099
37447
42372
40830
1690
61449
17818
42379
5130
43313
5131
21768
15411
21769
6595
49674
50658
9086
25203
29164
11971
45716
6589
9084
53161
24269
48212
30141
26663
29169
26661
30146
12079
2632
50661
37441
40826
61439
10514
34943
64811
60018
66377
17805
63876
43345
45740
13001
39853
6580
45742
45745
56523
22710
61472
24274
54123
62410
45749
16865
55586
30161
9074
55596
51634
29178
58082
25214
51631
22715
25211
51630
8978
58922
37453
37452
58926
9918
38403
42396
56519
33507
19351
62405
37466
35905
55579
63860
14454
26682
30172
2609
16853
6574
20322
16852
20324
30173
29188
8963
30163
53188
8964
26689
5103
32560
34961
22729
34960
8965
66358
1675
12053
35901
33500
31104
11951
50681
59014
12486
11022
33956
62871
33955
7581
19781
42341
42342
7583
23270
3626
29100
3628
23271
9982
10928
12489
13421
29106
54581
44749
50630
52193
25671
66302
57080
52192
13417
67766
26616
18310
67762
31551
59481
10081
65368
24218
26611
33954
18313
58021
58022
62862
41392
34901
2671
32503
61402
60467
55510
5176
7574
42332
43797
54575
50617
42334
44730
10915
38866
29119
23289
26620
47234
13409
44738
9966
23288
49632
57071
65354
15803
30104
19765
17367
49639
2674
26622
32500
57912
57949
65395
38874
20791
42361
37410
34912
37413
61432
20793
61438
5162
42365
36476
5164
62899
5165
7562
39814
37418
29125
7564
12468
62894
29128
3607
47266
20795
45703
62891
45705
48202
53150
66327
39807
50651
66326
49669
49668
30110
34073
2669
1204
17354
1202
28197
2663
62886
32528
65384
35022
55536
56997
44753
39828
56992
54596
50637
52197
50643
26640
19747
30122
66316
34083
38881
14849
2652
61419
2650
32524
58035
2200
60430
8560
6161
35475
3668
14402
4600
3669
18365
31518
16800
25625
60431
59447
28120
52143
9500
1260
4608
38812
34019
37876
24695
24696
62827
65322
48665
36408
22296
66788
36409
25635
27199
28130
18357
64387
27198
64388
30574
3662
33070
32971
62824
2202
56099
33922
33920
15855
35489
32988
54533
31524
33926
1252
11054
31527
53598
55992
52131
59436
29597
55990
53593
36423
37886
20746
43756
38818
36418
32981
66770
23245
18347
62850
57903
56966
28148
57905
58005
18341
59468
11042
41388
20750
50602
50604
8548
949
49622
44728
38826
20755
32993
33090
32991
60447
65345
47228
60448
28151
33097
32998
25653
65340
60441
17390
3632
56954
6130
19792
41372
41373
2691
12492
41377
42310
20765
43778
52150
25663
65339
18329
46275
48676
47212
17387
19783
49617
66790
34040
62837
57053
56958
66792
27279
28210
54631
25712
62080
31600
53695
9542
12530
53690
38064
838
34104
41455
34103
41456
37961
15025
41458
66878
17423
43855
22384
10127
63011
38053
48750
62917
37957
46358
60511
61973
64473
4641
23324
48752
16484
52238
56197
24783
53689
848
56180
35574
31614
67809
53683
7135
13984
19814
29681
67803
34118
1293
37972
35578
41444
63003
64468
59517
62067
15016
66860
10116
37967
14919
22392
64461
23336
25731
61960
30673
52228
56187
18871
20837
14078
16474
30689
7120
28234
19808
859
52258
35585
28233
37981
31626
8587
2220
854
856
38086
7125
1281
29697
38084
34127
39014
67831
65437
15004
14906
11
39012
17402
62098
61999
48779
14060
63032
61997
62096
2229
30687
14066
12505
6174
2213
4611
52245
1276
867
13960
38932
1273
9512
11563
1271
41463
38933
37995
36534
40017
18850
23350
23352
16457
40011
20852
47303
61984
14050
30694
23355
54649
13953
44809
33191
30699
51254
47768
47769
51250
24733
30625
58555
48708
27237
64437
42873
65892
36976
42878
62036
61936
35514
3222
43813
60994
47775
9580
43814
63492
3225
17465
62030
48711
53657
53640
9575
5616
61090
66829
29648
64427
8117
65888
27245
37092
42862
58538
42863
63483
12559
19859
37088
39483
26
3210
27
41406
15052
63480
47760
53646
15055
15058
22352
29655
27254
5606
5609
48729
33145
30648
12554
38040
59511
33143
10156
33148
29652
15048
19843
43831
37932
37099
37931
4660
24764
48731
15040
24762
7162
61954
895
52201
7155
7157
33152
9554
38050
10148
64447
66843
38046
38049
38042
10137
40494
46326
20812
46324
23754
45324
45327
6608
23750
23753
1708
63459
1706
57573
61059
14007
57577
28650
18800
78
61054
12963
79
37030
53618
35995
38492
55177
53612
37038
53613
11505
11504
6602
11502
23767
52660
49270
26261
8158
21366
45316
23765
23764
408
57562
40433
36950
24707
17857
59962
74
63445
32149
60944
15455
5652
42823
13056
46781
37046
46785
24712
51232
8146
52692
21379
418
22312
61919
15445
59993
40447
30603
58535
30607
26278
36955
62013
53638
62011
3245
12948
8140
42858
29614
51235
8143
29618
10546
60973
50287
26288
8133
26286
22323
50283
23786
12939
8137
32172
23788
30610
66800
58520
58521
33113
59985
63469
32179
59987
33105
30608
11994
35505
63465
16893
53629
37063
425
10537
9590
42848
7198
60962
9596
10536
23790
45346
8130
20379
9149
46741
23715
16449
33562
63410
60074
33551
35954
59086
14048
60078
28610
31159
18841
50235
51699
33559
9147
44353
65807
434
46751
50230
435
14043
67367
25282
46734
64868
63405
46733
31173
64864
61001
23723
27684
33574
4241
21329
15496
13099
4231
60062
11533
4234
16432
11531
59912
54184
8197
8198
38468
59915
34509
20393
9127
50250
21336
50253
46765
65836
47703
46768
31180
61038
13090
47706
64899
18822
17888
60939
35980
14029
10591
67390
18824
3296
25298
57556
36073
60930
12987
28639
10589
31179
62491
13925
15489
62497
41874
8184
44373
55152
21341
60093
36078
35979
36079
46772
6619
21348
44358
33590
10583
35991
67382
64889
26246
64883
32134
64886
3285
60085
12975
5675
41863
4213
60921
5679
5678
41867
34528
11514
42803
9110
36926
8178
13116
17910
19474
42034
62569
66002
67460
64964
45898
38544
63500
12179
36149
17916
19476
44435
60166
14573
27760
40991
3931
60165
61103
4033
60168
6431
61100
26305
52726
27768
31241
59173
60162
31246
8823
341
17905
12175
28707
50322
31248
2990
28703
44440
42044
45882
13104
16966
41923
67454
62557
45883
42025
20472
18003
67450
14562
56667
48385
23813
44427
16961
60159
14566
49327
33651
4013
357
31255
54274
31252
27779
59161
3918
59160
31256
27774
12164
10601
2982
57604
8812
51773
36158
19457
67449
12161
28717
36154
28714
41933
17051
42059
22885
38567
64984
21427
61123
23823
1509
64987
3076
22887
7870
5474
4001
59192
3902
28723
7862
5469
55241
364
41960
2973
3909
7869
41966
28727
66017
67476
22896
66012
12148
25392
23830
21434
12145
64977
65077
23836
3061
385
49341
386
55227
60177
23832
39519
5463
59183
26338
54299
34611
56692
56691
65909
51796
57626
54293
66007
32217
63508
44450
66006
28738
33605
43453
35167
37563
3976
45851
4076
21887
8870
396
64082
63983
4912
55697
30271
394
18052
53299
54231
395
30260
27720
4908
8865
13156
59132
13153
41045
31206
31207
35160
10654
15549
56628
37579
3960
20430
4060
64071
62515
3961
37576
56624
3963
54227
24396
51728
54225
3967
51729
36119
53287
5003
30277
50796
65007
48349
8856
67405
24399
31214
27739
67401
37573
1564
66464
58189
40957
64068
33613
39988
41075
33628
19496
36123
13135
39983
3950
40971
43479
17091
42018
4054
48372
62543
60146
20443
38528
15534
3959
60144
22841
19492
16999
6444
14591
27743
8840
27741
51763
17090
35187
33623
31226
1554
39981
35183
27749
27748
10630
67433
41088
20451
19483
20453
41083
63997
45864
64931
48362
17081
14589
48367
4045
3946
45869
61597
54243
15524
44409
30298
49307
25356
67423
41077
30229
11156
39082
61542
42472
37521
61547
11152
4954
53258
5056
39926
50756
44877
39089
38989
45814
7448
24345
49773
18448
40906
21844
67897
15946
48317
67893
67892
18445
37532
63930
34199
37533
39095
35131
63093
4943
37539
39938
62991
50751
49767
41014
2549
34194
34191
40076
26756
65483
48309
24358
24359
61567
12596
35148
11131
44892
6491
63967
66461
44891
42496
54216
43430
54214
49791
6497
5033
5034
45833
49793
4939
7427
9826
48338
50786
41023
16022
63956
63958
58179
64052
59101
21870
14986
37551
55668
59108
43420
8882
4089
5021
39959
24370
47380
45822
61551
12586
4928
25312
18412
50777
7417
29277
32651
11118
41037
2525
63948
15076
32653
25319
19874
66440
15913
16013
41031
58167
42492
4998
59573
3535
6030
53212
13596
5934
16934
50715
43890
34145
11199
18495
31649
38944
46390
39045
52274
36546
44831
42437
39039
46398
20868
8429
67853
39034
38938
20865
23360
26700
26701
13590
17027
55618
24303
11191
17028
49737
65450
63054
5085
57166
12123
5086
34152
15987
14523
18480
59563
58101
6021
2583
52269
59565
3527
6023
18484
58106
806
41487
20873
15981
67849
46382
9889
20870
20879
42428
20875
39046
67842
65445
19410
40031
55607
14519
26710
55606
62940
57164
3520
16072
29217
65480
7471
4975
7470
3512
58136
812
4976
53239
58137
3513
13571
42450
7475
55631
60589
61520
37503
8411
52298
12118
50737
38969
42457
5917
9879
52297
8415
37502
8413
12113
20882
6009
66415
5909
49750
9868
67879
23383
49753
57191
28287
18467
65477
59594
59593
30203
61516
1113
62970
38971
58122
34176
4964
54689
58126
15966
58127
26726
60576
53223
15968
60577
829
4969
3506
39914
6002
38976
20891
35116
38978
8400
5907
25796
28290
67867
52290
18454
1107
26735
28296
24336
57185
31679
63064
4960
8474
2116
33294
4514
35693
6079
33292
57266
7012
54760
41580
31733
59665
60650
7014
12663
58206
1172
28347
38192
68044
65545
39123
65544
68042
55708
46485
53309
60644
25851
63142
5974
8470
8471
5973
60645
2104
2103
28355
52356
57254
52353
6069
23459
7000
60640
34241
8464
52352
6906
19946
59659
34249
65538
12645
44078
42515
40120
67090
42516
10246
44915
21904
22004
23467
64593
6061
5963
29302
726
53324
720
59687
60674
10244
12641
19936
66508
36658
58228
26807
42545
17530
39147
42549
23473
21071
65566
19096
49844
14192
3550
21917
55727
25873
15132
59671
1147
32700
24419
29316
57278
43990
43991
35205
58216
35206
39165
32706
36665
67959
11692
19926
12625
20988
22020
12624
42536
15123
22022
18982
48896
10225
21084
47432
21085
48894
25887
14184
22024
3542
12628
12626
15120
23489
31762
21007
21008
29763
29765
53781
27360
21005
30756
68003
25809
35652
57223
13643
67900
68000
28301
25805
27368
25806
2160
63100
20071
18533
41545
60607
44044
20070
54726
48840
46444
742
56286
46442
7052
17597
7055
7054
20911
21019
51376
48824
53771
48822
23418
27374
30765
757
21017
27370
759
67055
57211
31707
11233
23419
57215
42993
25816
45490
59603
22480
62152
64555
18522
41534
19989
52319
64551
43933
35659
21023
54714
45497
41539
47893
23421
56272
48830
20923
24880
7032
29787
4538
29788
10283
57242
25822
769
20929
57243
2133
31710
38171
33279
12688
12687
11220
1193
41565
60627
34206
63125
13615
20930
17579
12679
19977
45000
6093
3598
20938
62181
42509
62180
21033
48865
56293
35681
56291
30788
48846
58693
58694
7025
25831
51398
67916
35688
53790
10278
35684
16102
63113
1191
20942
66974
43953
11206
39110
54739
62170
777
15163
15165
17562
54731
8037
64528
38108
18097
30710
16534
28787
14139
67021
18930
65984
65987
34672
19032
3140
16539
17990
63584
58635
34664
13191
17996
7095
5532
27327
61188
21496
39567
23891
38103
53743
7098
41505
45446
47841
45448
19025
32280
29733
26390
30722
14126
28799
62113
34680
64515
65973
30725
2186
56227
32288
58632
32289
56237
39570
6980
65971
37170
56232
18080
58629
7085
29735
9480
52799
7920
47851
24846
7916
53760
24844
29741
17973
16511
18077
2176
30738
18912
19010
40575
4580
64540
37187
4570
38122
10675
64543
62140
41521
35627
52309
41523
37185
17972
43087
52307
44020
33229
41527
18909
43924
4579
39588
9475
53763
5506
19001
43906
7901
29752
7904
44008
16509
67038
48801
22457
35640
64539
2164
15569
65996
58656
14108
42970
66090
20060
61197
39597
64531
56257
63592
43910
20067
45473
6961
7063
13166
61195
43916
6968
20066
43917
43013
42914
21444
39527
45412
8918
40514
46879
45418
28740
49378
5580
11682
47819
32231
63541
28749
36184
51307
7972
38582
14179
31288
17510
10210
8072
37123
52766
41987
44481
42920
41989
9014
12617
8916
301
21455
43002
66038
9005
66032
66034
40522
18967
63532
26357
1607
61133
18966
1604
67490
55257
62590
16561
52759
28758
16563
5566
5568
41972
7963
5567
11662
41974
8900
4107
4108
14160
44473
14163
14164
42938
20000
47839
40532
26369
28762
47838
18957
65963
57688
56225
61162
8051
28767
61165
7958
39542
51321
7959
19048
66055
65958
27311
61157
66053
20019
19046
24813
19043
47829
30703
58601
27318
28779
42095
29710
41999
58607
20021
11649
50376
337
52774
11646
42937
63637
13245
44567
66131
46962
47067
67590
7762
62698
5366
55353
62690
50459
7758
52852
23938
42170
18138
32317
42176
42177
61228
65189
63626
40613
15636
44552
47050
63622
47055
14694
23944
47056
21549
23940
62686
47057
31394
33782
55340
50445
7744
57733
12297
18127
66117
59299
66116
57738
42161
38683
17189
47086
47924
45527
23956
49486
66151
53808
14686
55369
21558
56300
14688
235
31399
36294
36293
6798
33794
5334
34732
2842
33799
52877
55371
38697
44593
52872
40619
12280
47070
10717
21566
40635
45511
10713
40634
12276
10714
26465
21568
4395
55356
6794
57751
53802
9281
32344
9280
24908
29805
57753
27403
34744
51400
24907
245
19567
34746
44581
57707
43584
65155
38635
41180
46084
54369
44523
42127
15688
56763
16622
54363
52810
27854
13280
6338
10784
15682
15685
49425
32799
11724
62649
33736
11722
27858
57704
19110
60247
11718
45970
19116
42113
14210
20569
54358
60240
44515
38649
20564
54354
48475
46913
3838
48474
6333
24004
26402
47013
23907
50402
51866
21504
27861
25464
1433
19105
36243
13272
61215
16602
62678
11707
42146
63610
44542
38655
55328
28807
60275
15663
3823
60274
18162
60279
54387
3826
56783
47046
3816
54397
31352
3819
1427
52830
279
54394
25475
54392
50434
8712
51895
11700
2885
50430
26417
28814
67567
28811
291
20586
36268
43598
20583
52818
39609
44535
42138
46099
47032
22985
44538
46937
52815
21522
52812
56771
49436
33760
31363
31364
5369
23925
51884
32300
1412
32303
51880
1410
32304
67556
67559
10756
28827
28825
26427
61674
60210
1484
14621
59224
59226
43540
35254
16188
37651
61677
4825
21974
51827
4828
50888
53386
61670
45944
26873
26874
45946
50899
24475
26872
29372
67501
65105
21977
19517
41135
9715
29377
30354
30353
41131
25415
40198
41130
56729
2421
56728
40194
11277
37666
61661
54313
11273
51819
11271
61665
51818
59219
22084
54310
20521
42599
53375
49892
8775
13674
8769
23023
18569
48430
22926
26882
7307
26880
64156
61659
58272
17100
30368
17102
27822
17101
25423
18566
62632
3860
62631
36213
66595
54347
56742
43566
20532
26890
21997
23030
20534
24491
13666
61696
47000
29393
44507
18559
46903
23037
44508
23032
26894
47005
67527
24495
32770
62627
16153
27837
32773
65127
25437
33711
25435
41150
33728
61687
1450
31329
59237
56733
37684
35289
16150
43553
56730
11257
48451
46053
55791
20543
6357
25443
8749
20548
67513
65116
8747
62613
33724
62619
32789
27844
34275
4865
60694
53345
28387
5803
19560
7365
36671
3408
13209
3409
20993
29320
50846
5806
5808
13204
60692
50840
50843
60690
37609
66524
64125
65588
37604
67987
49862
26834
63189
48402
61621
4861
46009
58241
35221
14655
60681
12254
53334
12250
7358
14651
37620
52391
45058
22040
66510
21943
65578
19543
31783
26846
64110
60677
61616
55737
17149
59693
54306
32736
61650
55768
64151
53369
4844
35231
37633
29346
39198
47487
24452
45927
22052
40179
50871
21955
40177
66541
49889
31799
58263
24458
56703
2431
12233
37640
16194
1496
14633
53357
35240
6395
8791
14636
29356
44974
16191
7338
45076
8799
9732
41129
22067
20507
9724
23001
66534
20503
67997
64132
11292
61634
17124
20508
23003
67991
64130
63198
24467
17127
48417
31864
51036
49948
63280
29414
32800
58332
54894
26074
54892
34368
58335
39260
54891
12797
32803
35304
58339
42653
64219
34369
39257
17687
40245
16226
47554
15285
26083
23585
22121
61712
63270
5843
63271
15289
61710
30411
3438
30413
54883
52487
32813
27021
31878
36778
59787
2491
27027
39269
65666
42646
36769
63265
37702
16215
45145
16217
37704
21195
26930
49941
47542
13719
13718
26092
25995
53424
49943
60766
57381
3435
57382
55855
7383
4889
58354
55852
28498
53454
2484
28494
51053
32827
35328
41207
41205
18606
51050
43613
37719
43617
11300
61732
4881
61731
48511
47579
61730
7380
15263
11308
65692
30420
46119
7372
32833
63290
7374
26948
53442
9773
36790
51046
58346
5814
32839
608
10360
41215
42666
24550
12752
31892
63287
55848
40271
49968
34390
24555
48504
7370
49967
53448
63284
25934
6827
25099
11372
8387
9325
23533
25930
27493
33384
25931
1927
25096
1924
65638
28438
35786
59751
19606
12312
36720
38281
41670
28433
65635
1095
67192
19601
63234
12308
62298
17205
38279
34313
39210
60735
3484
64694
19602
38273
4421
18661
54857
42618
52458
48976
36719
6813
50045
25947
33391
2018
28440
50047
30896
6817
21149
624
35797
59742
59744
36725
21151
67181
13758
54848
42603
45100
42607
52444
8371
48962
1908
57372
49929
636
1069
59773
1064
44190
59779
40223
9308
36737
44194
18642
55819
63255
65652
3464
26060
16241
49933
23561
55811
49099
1909
24507
31853
8354
8351
47515
31856
28460
47519
59766
27006
59768
65646
36750
27005
44183
11339
42622
13734
48981
18635
26072
60741
26073
53407
15296
22115
26070
21178
23575
48987
60742
46524
22557
48085
24952
9368
24953
29851
20157
30843
11770
27458
49027
49026
19160
35740
1968
2900
58776
25058
27453
67151
15208
27452
2073
58769
16661
3000
6861
62255
54813
14269
9361
5400
6865
50019
9360
52413
50013
11769
9363
51479
51478
19159
47977
21105
58760
62247
30854
2057
58763
30859
19153
1961
54804
62244
41624
4457
50007
48080
47983
666
44124
50033
48944
24979
65618
49047
51494
1949
30864
22578
26017
16642
67179
59730
26016
67178
65615
57334
2043
23516
27476
38253
62275
38251
20181
11740
35759
59725
14241
20183
64670
26019
4443
64672
44152
4444
52438
6842
56394
48953
22580
6847
62270
6846
46555
23525
29885
51486
50022
48937
65605
48936
1935
26028
33373
2031
23529
57323
27489
63202
25924
34310
59722
1096
685
13290
10794
28429
35766
56387
4432
50029
41647
5896
8394
22596
44142
39200
52420
6834
53885
46543
50493
43148
67115
21572
45546
20110
57790
66178
25013
17646
64610
64612
3051
57798
15243
29816
57789
698
58723
55397
32358
67108
52892
44599
21589
46997
67103
62206
35709
38205
40658
48030
49499
27421
25026
17637
17639
30811
32376
24923
24089
32367
6893
32365
37261
10336
35700
3035
53825
11798
11797
30806
9391
32369
52888
17632
19193
50489
51420
43140
37264
7836
35702
50487
16693
16691
21591
14297
26493
44105
21596
40668
22530
28898
27434
40665
19187
26499
32381
24934
26498
24935
22536
49007
32385
6890
28890
3020
2098
37272
33310
3022
2095
58747
27438
15223
53859
33313
37270
6886
9386
43176
35719
39678
9384
67129
48070
12724
14285
45555
7816
32391
20144
67123
66185
25049
64622
40676
15217
66180
63685
25045
58740
2077
32397
27440
30837
2910
16670
14275
3010
1985
33328
61288
14279
19171
15212
6875
27447
6874
37282
20152
53843
41600
41602
12715
9377
5416
7813
35726
38222
18276
11817
62303
64704
40732
14319
40730
19213
66261
66264
18278
56416
21660
16717
64701
49596
63764
20208
21665
2727
6696
54022
28966
2737
5225
28962
30049
29906
51523
16707
53080
10877
19208
50582
34849
34848
25109
15767
47180
61359
16702
63754
37359
66252
56404
16705
29908
29909
24179
45626
47186
56401
6681
21677
21678
54003
29079
29912
30054
57864
5215
25115
7616
44692
40738
37351
15755
39769
28983
30073
30072
32472
30075
54038
32473
2704
4277
22623
48158
29924
9160
104
27525
9163
54043
27522
28985
58834
32466
27521
25124
9162
5205
101
30905
33405
34868
35803
31006
18246
39763
67219
43264
67215
7608
67210
26590
24193
39778
21695
29092
30081
43249
64712
56428
66270
48145
57890
22639
66271
30086
63771
53928
27538
58820
54031
9152
53095
34878
67201
64708
33418
29935
67682
34804
42254
62780
131
39708
16754
133
20686
53035
37307
49551
49556
8601
50548
27982
14354
11859
67673
30006
65277
42262
38777
61312
65273
39712
37316
56889
47140
52927
60372
39714
47144
54486
50528
14349
7664
7655
51998
66209
7659
50532
1303
51990
30015
33877
57821
1300
66204
19239
32416
33879
36370
26537
63748
63749
44673
42279
16739
43213
66240
13399
24141
21645
24143
55456
61345
52957
52967
5247
10892
50566
57852
29049
24146
36385
38782
30026
57859
38783
50563
40704
10898
2750
42283
50560
67699
21650
37338
61335
42266
67690
16728
61338
24155
45602
55444
21653
43207
48101
14324
7641
55441
29054
49569
10883
9192
45609
9199
48109
52952
33895
19216
40719
13384
34831
33899
13383
11820
66227
67686
36392
57849
36321
33829
43672
54456
62743
35387
27937
43674
28035
3758
3759
51958
8653
43677
42213
46176
38721
52055
42217
36327
38724
36328
25543
25541
32881
23143
47114
67636
30484
65239
19640
27947
32885
28044
17245
32882
25548
17247
64298
64299
1356
37797
36335
64295
60331
14742
62732
56841
37796
61798
36332
52049
8640
52047
20654
36337
8644
61793
20650
46163
6248
30491
67626
47101
30494
23155
67624
49504
35396
14738
66682
27955
49507
32898
65220
64288
1343
13794
36347
57819
16291
43695
42231
54479
53015
7697
52913
42237
62761
38745
12332
48595
8624
21605
17226
28060
47134
51988
24102
49530
31440
52082
47138
50520
23166
11390
18681
28065
33843
59378
38754
56869
52907
28906
5285
43686
54469
13789
3724
29004
52901
13788
3725
6221
19619
13787
47120
11389
12321
8621
42229
48583
54470
19612
25578
25579
12319
52070
52071
49523
8615
23178
1327
12315
18673
2788
14713
28079
28912
67640
33855
15731
30447
30446
19690
12399
10835
15738
19694
42696
1392
8698
1391
41229
9635
37743
20602
47597
46133
9626
43637
64257
22161
22160
3792
48536
56818
12391
48534
25501
3795
58370
58372
40280
2336
30444
58363
19680
12389
35354
25508
55865
23108
15725
35352
37758
37757
13326
29467
43621
13323
7228
64249
20613
45187
26971
43625
43626
47589
49983
9619
56808
20612
49989
61745
12382
25514
26979
12381
2329
23119
64244
56804
15719
3783
58360
26975
20619
56801
27071
27917
1376
59334
14778
25519
1373
61787
4713
4714
27912
54430
22183
13313
27080
24580
29486
58390
65210
64278
64279
25524
27921
30466
19667
58398
18203
3765
33811
37775
27926
28024
60310
1360
6265
6269
51085
50985
4709
10804
50995
65202
41257
20634
24595
38707
48549
61767
65200
19656
30479
60309
23139
64263
23138
58460
30532
31998
32094
2377
34495
8211
36898
32937
57004
34498
59405
42785
59407
8218
29542
66748
64348
43722
43723
35426
18757
46221
66741
11457
39387
35429
11456
4772
43729
52109
56901
61846
32091
56066
30530
52106
2369
4768
48604
48609
27154
5706
5705
58455
5707
11451
41323
42779
45273
43711
35439
43713
16349
23201
23204
24666
46212
48614
48612
13848
30556
52127
55988
56086
30555
54521
58489
2353
989
27163
7256
29563
35455
29565
65309
66766
13832
65304
46240
16333
61863
58480
30554
54525
48648
53577
4745
55973
57013
42790
55970
36402
9645
33903
10497
37868
29575
45292
9646
41347
59409
20722
11425
11424
9639
16321
41343
22282
22281
29581
43738
64357
56917
46238
13829
24689
30561
46236
997
61851
27182
24688
4741
57480
45239
8257
51124
10041
14840
59880
66706
29503
34453
27107
3
27102
34455
31959
27101
28564
61802
34449
19734
34447
63368
12439
56024
3354
12436
3355
22211
54987
16399
39348
14839
28575
49189
11493
24614
23678
26174
26171
31963
30504
13898
12434
10036
41790
41791
63358
28578
10035
13893
59869
19722
56018
44291
46693
17327
3340
10028
45230
42735
23686
16383
45231
42738
14822
29519
47634
55073
23683
51146
27123
11483
24628
26188
47659
53540
32074
58443
34477
12423
17319
32911
10025
11487
37805
33007
4790
65788
10019
47662
7291
43705
7295
31970
18774
14814
53531
29532
34480
57493
31983
32083
29535
51130
60881
30524
29536
50197
59892
34482
60880
41308
24634
8228
13873
59899
58435
50195
42751
13869
65777
36878
45252
10007
12402
63376
37813
19700
22246
45255
512
16362
16360
24642
53538
22241
25185
22685
17732
31076
30975
31911
23628
19298
25189
64789
33474
57436
31906
14396
35867
57437
15330
64785
5793
35869
32008
14399
62387
54946
28525
62386
41767
29988
22696
36808
21232
6733
36803
45202
10436
26130
31080
21238
6729
67278
46649
30985
40303
33485
35883
31086
33483
23638
34420
62373
36811
34411
54938
14385
62377
62375
31919
41754
41755
35877
54098
8285
54930
9220
50134
8288
54095
21249
52564
49174
8278
23641
50161
1817
65747
1812
19270
34433
28542
63347
58403
10410
56007
32026
11872
3375
44283
16773
14378
5778
5777
51107
10415
53500
51104
30990
45204
42709
12809
12806
9203
1804
45209
34441
34440
34445
26158
32049
26156
16769
64794
34437
63330
32038
41775
55056
10406
39337
4301
10402
62393
50158
6700
10401
45213
62390
67246
38329
41719
38326
48173
40776
32492
44219
62343
10485
12880
10482
30098
64740
56456
52508
37381
37383
2821
16310
27549
27544
29940
50101
1881
11419
567
9279
44200
25150
67235
29950
62333
30940
40786
64731
580
18700
16308
62335
6770
56444
56455
63790
63791
61391
30938
6762
17761
58844
51558
6763
17765
27556
31039
16301
6768
20264
578
13802
579
12868
51582
20269
65709
49132
44239
63303
10460
30954
63305
64769
31057
57422
30948
1866
10459
33444
31049
57413
56488
35845
15355
52527
584
15358
4358
6756
20273
52521
29966
56480
41747
41748
29968
12857
44246
35849
67257
48181
29971
31064
49124
46627
62354
30965
26110
58874
27573
23616
62358
10446
33454
50118
17740
58868
55011
594
15344
57406
43296
41733
41734
21220
45696
35858
45695
59808
44231
46630
3
383
387
220
