407
1026
4
1028
5
1031
9
10
11
2070
2072
25
1049
1053
2078
33
38
41
2090
44
48
1072
2096
49
1073
52
2102
57
2105
61
2110
64
2114
2115
2120
74
1098
1102
83
1107
1108
2132
87
2135
1114
91
2139
2143
2144
2145
1126
1131
109
1135
113
2164
1143
2168
127
139
1163
2190
1167
1172
1175
152
156
161
2209
2211
172
174
2223
2225
1202
2227
1204
2229
184
1209
2234
2236
1213
2239
200
1224
202
2250
1228
1232
1236
2261
1239
218
220
2268
2274
2276
2283
1261
2290
1267
2296
2297
256
2306
1284
1289
266
1294
2318
1295
1299
2324
1301
2333
287
1316
1319
1324
2348
301
2351
1328
306
312
1336
2361
315
318
2366
1344
2373
2374
1351
1353
2380
1357
1359
2388
341
2389
343
2393
2394
348
1373
1374
354
1378
1380
357
1382
1387
2411
2412
365
1389
2414
367
1391
2418
371
1395
2420
1397
2427
380
2428
385
1409
386
2436
2438
1416
393
2442
397
1422
399
404
2455
408
2458
2461
414
1438
416
424
1453
1461
1462
2487
1468
446
1473
2502
459
2507
463
1487
1488
465
469
2519
2521
482
2530
2531
2532
486
487
1514
1515
1516
2540
493
497
498
2553
508
2556
511
2561
514
518
1546
523
1549
526
1552
529
533
1557
534
537
538
1564
544
1571
1574
2598
552
554
2603
1580
2606
565
1589
567
1591
2619
572
1599
1600
1601
2625
2631
2635
588
591
593
594
1618
596
2645
599
2647
1624
2651
604
2654
2656
1634
2663
2665
1642
1643
1651
631
2684
638
639
1664
2690
1667
2693
2695
1677
2703
656
1685
663
1688
1690
1692
670
2719
1696
2728
681
682
685
1710
688
1712
690
1715
2746
1725
703
706
1731
710
1736
714
2764
717
2768
725
2774
1752
729
2777
2778
2786
2787
741
1765
1771
2798
1776
2800
759
2810
1789
2814
2817
773
779
2827
1804
2828
2829
1809
1810
789
2837
1814
795
1824
802
805
806
1842
829
1855
834
838
1865
842
1866
846
848
852
1878
1882
864
865
1891
872
873
1903
1904
882
886
1914
906
910
913
1937
915
1952
930
1954
1955
1958
1961
941
945
951
1977
971
972
974
1998
2005
2013
992
993
995
996
2023
1009
2035
2036
1014
1016
11
48
33
97
99
21
7
87
137
58
138
123
