1383
5845
8341
2249
3316
4648
5713
5846
8473
4516
1179
9411
8479
8213
8346
9541
964
7147
6915
8211
2374
10135
4294
8216
10136
3930
1042
482
2372
4296
9412
5495
1040
1173
8348
484
4298
3800
10131
4166
5231
9191
4034
4168
10130
5366
6430
1407
7752
9050
5222
477
8951
6687
4025
9051
7884
10129
7887
1404
6555
2735
9054
9187
7889
473
1402
9055
3570
7758
6559
4770
1400
343
210
8821
219
7627
1664
2995
3574
10876
5972
6071
10611
7271
215
1794
3578
4511
5976
3447
6074
3303
10381
8462
712
7262
5832
2369
2103
4768
3305
9792
2234
7397
5701
6066
10607
2366
5704
10737
8466
3081
6068
2496
7002
10389
9668
1297
8204
7137
5480
361
9666
1295
8468
2492
10255
10388
4152
5709
1161
6680
496
2491
4286
5351
9406
1293
4287
7880
2490
2717
2849
5487
491
1517
6684
5477
10992
7872
5344
6541
2725
2724
3916
5478
6410
4016
1524
9176
2721
8811
6548
9174
3693
355
2985
4892
5218
4893
6419
2982
3430
3696
8812
4895
8946
1650
1783
3432
3433
5831
2239
4633
1027
5954
4622
858
5820
6185
4756
7253
4757
7252
8809
1157
2488
1156
10858
7121
9653
1155
10723
988
856
10244
9523
9657
1284
2709
8326
8323
4141
729
9525
370
4011
5342
371
2703
5598
6663
6796
2979
369
4135
8319
1779
1646
7862
5334
2977
2711
1512
497
364
4005
10237
3906
1511
5336
7997
498
11
2842
6536
10234
4139
4006
367
10854
5339
8936
9035
7735
1640
4009
6407
10852
3684
4883
10986
9166
985
4884
5950
7607
2229
10981
4753
3555
108
10109
9037
3545
6174
6041
737
1147
4877
10715
4612
2343
8570
7243
3549
10713
7242
1143
9771
8440
3191
7244
10845
9777
9511
1140
10499
5816
385
7116
7249
10230
10497
4261
7115
254
8445
7990
9515
10361
8090
10495
3198
4131
5463
8448
10719
5330
7991
3067
7119
5453
114
2702
2835
3057
4256
9505
116
249
9638
6786
4257
5322
1633
7853
2964
7852
5456
6521
1631
112
1763
7721
7854
8085
2961
6526
730
996
10974
10841
9154
8089
864
8927
7728
990
9027
3542
7370
8926
10970
6171
3411
748
615
10175
9588
3970
5629
1570
4071
8255
6828
6470
8259
4076
263
1923
4077
6472
264
4
5143
7540
265
6342
5277
3714
399
2152
7542
392
2284
2283
6479
2160
7534
5137
8733
10520
7400
2292
7799
7533
7666
8734
6202
3709
10783
7536
2518
5139
3482
8864
9097
2290
3350
6204
7538
389
9936
256
6209
7407
6208
4552
10780
3487
5882
258
2646
4686
38
5885
9939
3355
8381
4554
9807
874
3356
7051
3225
743
2642
10659
7053
1576
10523
1443
4424
5755
1442
870
7188
6956
2771
3229
5748
627
5615
7045
9575
1560
7044
2890
3219
10297
2018
1691
1917
7046
6947
8376
9579
624
9444
5261
8114
2277
6461
8119
275
5263
277
4067
8118
9093
6465
1074
273
9319
4903
140
3839
10033
1072
1083
6324
10641
10774
139
1082
2506
7656
2638
8720
8858
268
8989
3341
1303
9922
3475
1568
7170
10648
3211
2765
2897
4544
5741
888
2763
7041
3214
5611
4546
4413
7175
29
1908
10151
506
5868
8100
4538
3208
3209
9434
10507
2002
1903
2001
2267
8234
1901
2266
505
638
8102
1900
5250
6809
6582
4187
3956
6583
10155
5254
3957
1063
6320
283
63
7520
1194
60
2618
3949
8975
6578
2628
55
5115
8973
6313
6446
6449
2758
59
2624
6315
148
2622
7291
5994
10636
7517
4664
10501
7293
2884
10768
4798
10765
1552
4666
4401
9560
10766
2882
3336
5997
762
895
1683
4535
6931
10631
5866
5600
7154
291
4658
4525
7020
7153
8221
4526
2259
7022
9550
5725
5727
9556
515
8358
9420
2255
9687
1056
10627
1055
166
2252
5240
9424
10279
5241
9425
7772
6441
2381
5376
9070
163
5111
6576
7773
5245
2606
6442
1181
5234
8830
1192
4037
3805
9196
6432
8964
4038
5103
7500
40
6302
9061
10009
5105
8834
6304
47
1414
8702
2745
1679
9064
5107
7636
2610
2743
6308
5982
3585
6080
10758
1542
778
5983
9902
779
5853
3458
5855
774
4656
4523
4789
7284
3326
5408
1221
9104
7937
6609
9101
9102
5051
5184
6381
7939
3755
3888
7809
2680
5053
7581
1709
1482
6250
4821
9238
2905
4823
7586
5056
2904
10572
1705
4825
6121
6254
7322
7588
4959
8784
1701
7323
87
175
6258
1700
8521
2064
7458
6127
1976
4593
9979
4594
7315
10565
1841
10432
10433
3398
7317
3132
8647
650
9490
9717
8292
6861
10564
8160
5665
9715
6862
788
8030
9495
789
524
10307
9360
1359
8162
4338
6999
6733
1358
10438
8167
6735
6868
3009
3881
2422
1356
1355
654
2673
6370
8157
9356
4940
10077
185
8025
9228
3876
3610
7929
181
6110
6243
4945
5178
7573
3615
7442
1957
6377
2188
7445
3619
9840
9973
4818
10913
9974
2196
1964
9834
10689
3384
6105
6238
7305
8502
10684
7081
5651
7308
9838
6109
5650
5783
8281
7083
68
5786
11009
1217
5655
6985
8285
403
10428
6988
1347
404
6987
1346
1479
9220
796
6723
5525
797
6859
1477
8286
8020
798
9485
7923
9212
10066
9478
1330
1596
4319
2660
5292
9210
8012
196
197
8279
10195
8890
10063
5296
3866
1590
5164
4800
2179
1814
3603
10908
8895
5034
1946
7563
905
6498
4936
2176
11003
7698
6367
7302
8763
3609
2173
9962
6369
10676
4929
3371
6227
10675
10542
4572
9821
3242
5771
2406
8627
4577
3379
3246
2669
6841
9471
10192
8140
1336
9828
4446
6843
5644
2533
9341
4448
4315
2531
1466
5646
2797
8277
10412
10545
7912
10679
7911
8142
6979
8002
6836
10188
9467
3982
10185
9331
3983
1808
8134
5282
3985
3720
6480
4086
2037
5152
2169
5153
3856
1935
3724
4922
8750
8008
2165
98
2296
2163
9952
4926
2162
10189
6358
913
3370
3719
3492
8879
7545
3360
6347
4919
8876
10530
686
5019
5760
4695
7416
9948
7419
5895
8614
8615
6962
1459
4566
2523
4699
10407
7196
6831
5898
5632
4435
3238
4303
9596
9463
10403
9330
5634
8265
6965
6702
2784
5637
3107
6968
4438
7066
1585
2467
9016
2332
1134
4999
4733
5099
5931
3669
921
1133
7231
5801
7364
10834
1264
4736
6298
8564
4603
2461
9892
5803
3539
4737
7498
1395
3180
6034
9898
3408
9765
10221
7104
4608
8698
7103
2949
7106
4384
923
1749
2947
1615
7980
9767
6782
4386
3188
5583
4242
695
4243
430
2822
6641
5310
2953
4246
4113
10345
3048
10476
2950
10211
1751
7975
8073
9276
5315
7844
9144
6516
3793
6648
9147
6518
7716
6517
2337
4995
3797
302
4730
3798
9013
7717
4996
1257
7480
2454
6509
3522
10827
932
10957
8906
4722
2451
5088
6021
4989
7351
9008
5924
7354
1384
6289
7353
8683
2808
6022
10474
10341
3529
6025
8688
6158
1608
6157
9751
2805
3171
8686
10340
9885
2804
6026
10471
7359
3042
10828
7228
10829
4363
1612
10338
575
5694
9614
5430
3168
5563
2941
6894
3036
5699
6764
10467
9261
5433
6763
6896
4236
9391
3038
7964
572
6633
10598
440
6898
5303
5436
10952
5304
5437
5305
7968
6769
7967
8198
2327
5080
8903
2326
4109
9136
10209
10206
6281
7839
5083
2323
2589
2576
10947
5073
1111
7471
1110
944
10945
1241
4977
8540
4845
6011
5079
7474
3516
7477
3290
7476
5915
7212
813
1859
8547
10818
4493
9613
1724
9743
1723
9611
5692
8413
10817
4484
6881
1866
454
7339
5682
4220
3155
4487
1864
8538
323
3023
9869
10454
6751
1861
1993
5423
6753
6756
2091
7821
9252
5424
9120
2090
8055
9250
4228
6624
5559
6759
2579
6629
7827
9255
2564
2563
7592
2695
10933
5196
3899
3633
3500
8049
7594
5197
9992
10932
10099
5199
4967
10930
953
4836
4969
10584
9730
9863
2915
6399
6136
6269
7333
8663
1714
6138
6005
7468
8536
9997
10804
1711
6139
10805
10446
10579
9725
599
333
9859
5670
9989
8659
1985
10578
10312
8526
10575
1851
461
2082
5410
5677
3147
8170
4479
8176
6610
2305
6743
2438
4215
6876
6746
1106
5548
10091
6612
9111
5416
336
10317
9112
8047
5191
6617
1235
2699
6616
8045
339
1101
3
85
99
0
