370
1487
1269
966
2249
2333
1353
1571
171
835
2113
836
703
2112
1132
1482
2026
831
964
746
1925
481
2155
1838
2372
2154
483
2020
1172
1171
175
8
1700
394
2197
1832
2282
85
395
2075
30
1095
1757
1975
430
781
2604
565
698
347
1536
2601
122
340
123
32
2429
1799
522
304
1664
305
523
1882
2426
1578
1796
439
1881
2558
1311
2339
2641
1443
651
1310
2423
1224
1006
1357
1139
301
870
1005
302
520
2469
2420
2553
1137
654
1440
409
1039
930
2019
2237
1693
1560
2369
2102
1340
1122
2368
2017
848
1121
1690
2584
2233
1168
841
2148
2450
406
1252
2582
407
1251
625
493
1911
1608
806
1381
1296
2360
2275
1958
2274
2141
145
1293
1822
1519
2490
1074
272
1735
492
1879
356
1527
1830
1963
2507
225
1743
1307
226
795
444
577
1306
267
485
352
570
2637
1523
486
135
1788
68
2417
1654
69
2501
791
440
573
1785
886
1566
1784
1348
1783
796
1782
2411
2677
228
2325
2543
1781
2542
1259
314
2324
315
1694
2456
639
1330
194
2575
1377
195
2223
1158
1110
1461
2489
281
1460
1242
812
2488
2003
417
1241
2220
1155
2267
2134
2485
1948
2131
2264
288
373
2263
2130
1946
1150
1945
1509
2394
1063
729
199
2041
1639
60
1061
285
2173
2618
1867
1601
320
1999
1515
1733
2628
1070
1647
540
2627
1731
105
456
323
674
589
497
2407
582
1777
1995
1862
1426
498
450
1642
2092
1206
2537
1689
2091
2669
1687
1421
1118
1420
1771
1467
1552
1115
894
2579
2313
16
1029
2312
2662
1028
1379
2226
2444
290
2431
603
291
2212
1147
2695
2126
2125
1581
294
2124
2475
429
1144
648
1939
1361
1143
600
2473
867
2037
1141
1492
384
2252
916
1848
2079
50
295
1846
1628
1050
296
1409
2380
2076
383
1637
2390
332
1987
1721
466
43
1502
201
686
89
771
1500
594
1547
244
245
330
2308
2080
1677
1544
861
425
1894
2437
428
864
1892
1104
1019
1891
2652
1369
2301
1368
641
1016
1367
860
2698
7
137
21
60
5
99
151
124
