6500
16384
2
16386
32774
16393
32778
32779
15
16400
32785
19
28
16414
34
16418
37
16422
16423
32807
16428
32812
47
16431
16432
50
16434
51
32822
16441
63
65
32837
16454
71
74
16460
77
79
32849
16466
32853
87
32863
16480
16483
108
32877
16494
16495
32879
32885
118
16502
32886
119
120
16507
32891
124
16512
16514
16518
16524
32909
32910
32913
32914
16531
149
16535
32919
153
16537
154
32923
157
16541
32926
160
32930
32931
32932
32933
32938
16556
32940
32942
32944
16564
16569
16577
32961
16580
32964
32965
198
200
16587
32975
208
32982
32983
16605
32989
32992
225
32993
16612
232
16616
33002
235
236
16621
16623
33008
241
33009
16626
250
16634
253
254
33023
257
33026
16646
33030
16651
33035
33037
270
272
16657
33042
33045
278
33048
33049
283
16668
285
286
291
16676
294
297
16681
298
33067
16685
16687
16689
33074
307
315
16699
318
33088
16707
326
16718
33103
33106
339
340
16725
16726
345
347
16731
16732
16736
33123
358
359
16753
16754
16755
16760
16762
33146
33151
16769
16770
390
16778
33162
16783
16785
33170
33173
413
33182
16800
417
33185
420
16809
33195
428
432
435
16820
16821
443
33211
444
33214
33215
449
454
16838
16840
458
33226
16844
33228
461
33233
466
468
16855
33239
472
33242
33246
16864
16865
482
16866
33254
33256
16873
16879
501
16886
16889
16890
33275
16895
16904
16906
33291
524
33292
16909
526
16910
33298
532
537
16923
16924
541
33310
16928
16931
16934
33325
33330
16947
16951
570
573
33341
575
33347
585
16971
16972
594
16978
33364
33368
33369
33372
33373
33375
33376
610
16994
611
16995
33379
17002
17004
621
628
33396
17015
635
17019
637
17022
641
642
17031
648
33416
33419
33421
17039
33424
33429
669
17057
17058
17059
677
17062
17064
685
33454
691
17075
33460
694
33464
33467
701
33470
17090
17091
708
17093
33483
17101
33485
17102
17103
33491
17110
727
33496
33497
33506
740
33508
17136
17137
754
17139
760
763
17147
17151
768
769
17155
17158
17160
780
17167
33551
791
793
17178
804
17188
17189
33576
811
17197
814
33583
17201
33585
822
823
33592
17213
33597
831
832
17217
835
839
33607
840
17225
842
846
17230
33615
854
17239
17240
33624
17245
867
33638
33639
17256
873
33641
17258
33643
17260
877
878
17263
880
884
17268
886
17273
33657
890
33659
33660
17277
895
33663
899
33668
33669
904
33674
33682
33683
33691
17308
926
17310
928
33698
931
17322
941
17328
17331
948
949
33718
17335
953
17337
17338
17340
17346
17347
964
966
17353
33737
975
976
17363
981
984
17369
989
991
992
993
17379
997
998
1000
33768
17385
33771
17392
1014
17400
1017
33785
17409
1026
17416
1038
33806
33812
33813
1046
17433
1050
17434
33818
1058
1059
17444
33830
33833
33835
17452
33840
1076
1077
33848
1082
33851
1084
33858
17478
1095
33865
1099
1100
1105
17494
17495
1114
1116
1117
33889
33891
1127
1128
1130
33898
1132
17516
33903
1136
17520
1138
17522
17527
1144
33913
33917
33918
1152
1156
17540
1158
17542
17543
1162
33931
1167
33941
33943
33950
33951
17569
33955
33957
33959
17577
33966
33967
1202
33976
1211
1217
17601
1220
17604
33988
17606
33992
1228
33996
17617
34002
34003
17625
34009
17626
34014
34018
34019
1255
1258
34026
1259
17645
34030
17650
34035
1268
17652
1270
1271
34040
17657
34041
34042
1278
17662
17665
17667
1284
34052
34053
1286
1287
34055
1289
34068
17686
34072
1306
17694
34079
17697
34081
1316
17702
1320
1322
34092
34093
34094
17716
34107
17724
34115
34117
34118
34119
1352
1356
17742
34130
1363
34131
34132
34136
17754
34143
34145
1380
34153
17771
34155
1388
17772
17775
34160
1394
34162
17779
34169
1405
17792
1412
34180
17797
1414
34185
34187
17810
17811
34203
34204
34209
17830
34214
17835
1454
17838
17839
1456
17842
17843
1460
1461
17845
17847
1465
34235
34239
17857
34243
34251
1484
17875
34259
17877
1498
1501
34271
1505
34279
34289
1522
34291
34292
1527
34298
1534
1537
17922
1539
17925
34309
17930
34314
34316
1549
17934
1551
34319
17940
1557
17941
34326
34329
17947
17949
34333
17950
17951
34336
17953
34338
1574
1576
34344
17962
34347
34349
17968
34357
1590
34359
34360
34363
34365
1599
1601
1604
34372
34373
1608
17994
1616
34386
34389
34390
1624
34394
18013
34400
1633
34401
18018
34403
34404
1648
1650
1659
34428
18045
34432
1669
34439
1681
34449
1682
34452
34453
34455
18072
34456
1689
18073
34458
1691
34459
1692
34462
18080
18082
1702
18087
18088
1706
18090
34475
34476
18093
34478
1720
1721
34495
18113
18114
18117
1734
18122
34508
1741
1742
18126
1744
18128
18130
34517
18135
34521
34523
18145
1762
1763
18148
1765
18149
34534
1768
18153
18155
18156
18157
34541
18158
1780
18165
34549
1784
18172
1790
1791
34559
34566
34567
18184
18187
1805
34573
34574
18191
18193
1810
1814
34583
1820
1822
1825
34595
34598
1833
18217
18218
18220
18224
1843
18227
18229
1850
18234
1852
1857
18243
34631
18249
34633
34634
18252
34637
1871
18255
18257
1874
18262
34649
1882
34650
18267
34653
34657
1891
18276
18278
18280
34665
18283
18285
1902
18288
34674
1907
34675
34679
18298
18306
18307
34691
34694
1928
18312
18318
1938
18324
18330
34718
18343
18346
34730
18348
1967
34737
18356
1973
1977
34749
18367
34751
18368
34752
18370
1987
18371
1990
18374
18378
18379
2002
18386
18390
34776
34778
34779
2014
34785
34786
18406
2025
18409
34794
18413
34798
34799
2032
34800
18418
2036
18422
34812
2045
2047
18431
2049
34817
18434
2051
2052
34820
2053
18437
18439
34823
34827
34828
2061
2062
34830
2064
2065
18459
2076
18461
2080
2083
18471
2089
18476
2093
34862
2095
2101
18485
34870
18492
18493
34879
2112
18499
34886
34888
34889
2129
18513
2131
2132
2136
2138
18522
2141
2142
2148
34916
34919
34921
18540
2158
2159
34928
2162
2164
34932
2166
18553
2174
18558
2175
2176
18562
34946
2180
2181
18568
34956
18575
34959
34963
18580
2197
34965
2198
34967
2200
18587
18589
34975
2208
18597
2216
34984
34987
34993
34995
2235
18622
18624
35008
2242
18626
2243
2244
2247
35019
35026
35030
2263
2264
2266
18650
35034
35038
2272
35044
18662
2281
2284
18668
18671
2292
18676
18685
2302
18688
35072
35073
35074
2307
18693
2310
2312
18696
18699
35084
35089
35094
18713
18714
2332
18719
2336
18721
2338
18723
18728
2351
18737
35122
18739
18740
35126
2363
18749
35135
2371
2373
18759
35143
2378
18764
2382
35152
18769
35155
35156
2390
2393
35161
2399
18783
35173
2407
18791
35175
2408
35176
2413
35182
35183
2421
35191
35192
35193
18810
35197
35198
18815
2432
2433
18818
35205
18831
2451
18839
2457
35227
18845
2462
2464
35232
2465
2468
35237
35238
2472
35241
18859
18860
2479
18867
2484
2485
2494
2496
2499
18892
2509
35277
2513
18897
18899
35284
2518
2519
2520
35292
18909
2528
2530
18917
18921
35305
2539
2544
18930
35315
2549
18934
35321
35322
2556
18943
18945
2562
18946
35333
2566
2578
2580
2583
35351
35360
2593
18977
35362
35363
18980
18984
35369
2602
2604
2611
35380
35381
2622
35392
2625
2626
35394
35396
2629
2630
2631
2632
19018
2640
35409
2642
35413
19031
35418
19039
19042
35427
35431
35434
2670
35440
35444
35447
19064
2684
19075
35460
2695
19081
35470
2703
19091
35475
2711
2716
2718
19103
2720
35491
19111
35497
19119
35504
2737
35509
35513
2747
2749
19138
35522
19140
35526
35529
2762
19146
35530
2763
35533
2766
35535
19156
35544
35546
2779
19165
35551
2787
2793
19181
2798
19183
2809
35579
35582
2818
35586
35588
35590
19212
2829
35599
2832
35601
19218
35602
2835
19220
2839
19224
19226
2843
19227
19228
35612
35614
19232
35619
2853
19242
35634
2869
2873
19260
35649
19269
2888
19272
2889
19274
2893
19277
2894
35664
19282
35667
2900
19284
35674
19292
35679
35686
19303
2923
19307
35692
19318
19319
35708
2942
35712
19332
19338
35725
35726
35727
35728
19350
2967
2970
19354
35738
2973
35745
35748
2983
19371
19372
19376
2994
35762
19379
2998
35766
19383
35768
3002
19387
3006
35775
35779
35781
35786
3021
35791
19411
3029
19414
3034
19422
19432
19436
3054
19442
3061
19445
3065
19449
19454
3071
35840
19463
19465
3084
19468
3086
19477
35863
19480
19481
35865
19482
3102
19486
35872
35874
3113
19497
19500
3122
3125
19510
35894
3127
3128
19515
35899
35904
3137
19522
19524
19526
35910
19530
35918
35923
35924
3160
19545
35930
19548
35934
35939
35945
19562
35949
35953
3187
35955
3189
3190
35958
35959
3192
35965
35967
19589
19599
19600
35984
35988
35989
3224
35993
19610
19615
19619
36006
19624
3241
19625
3243
36011
36012
36014
19634
3251
3253
36021
36023
36028
3261
36031
36032
36040
3274
19661
19662
36052
36059
19677
3295
19679
36063
19681
36066
3299
36069
36070
3305
3306
36076
19694
19695
36079
3313
36082
3319
19703
3321
19711
19712
36096
19713
19716
36101
36102
19719
3336
19721
36108
19725
3343
3344
19729
3350
3355
3356
36133
19751
36138
3375
36143
19761
36146
19763
36147
36148
3381
3382
36152
3385
36153
19770
3387
19772
19774
36158
3393
19778
3396
3397
36169
3403
19787
36173
19790
19792
36176
19794
3414
36187
36188
19806
19813
36202
3436
19822
19823
3443
19828
3445
19831
36216
19835
19837
36225
19847
19848
19853
36238
3473
3474
3475
19868
19873
3492
36260
19884
3505
3512
19896
19903
19904
36290
19909
3526
19911
36300
19917
3536
19923
36310
3544
19930
36316
36319
19937
19939
3556
19942
19946
3564
3567
36335
36336
19957
3574
3578
3579
3583
3584
36352
19973
3590
19975
36364
3602
19986
19989
3606
3610
3615
3617
36385
20004
20005
3624
3632
20021
3638
36406
3640
3642
20026
3643
20028
3646
36414
36417
3650
36419
20042
20043
36429
36431
3670
20055
36439
3676
36446
3684
36454
36455
3688
36456
3689
3697
20082
20085
36469
20086
3710
20096
20097
3714
36482
3715
36485
3720
3722
20106
36490
20109
36496
20113
3730
36498
3734
20121
20122
20126
20127
3747
36519
36520
3753
20140
3757
20143
36528
20151
20154
36539
20160
20161
3782
20168
36552
20169
3789
3791
3795
20179
20180
20181
3798
36568
20185
36569
20189
20193
36578
36581
3814
36583
36584
20202
36591
20210
20214
36604
20221
20226
36612
20230
36615
36616
36633
20250
36635
3871
36639
3875
20261
3879
3880
20264
20266
3883
20270
3888
3893
20279
3896
20280
36665
36666
3902
20287
36682
20301
36689
36690
3923
36694
20312
36698
3935
20320
36705
36706
3940
36712
3945
3947
3949
36720
3955
3956
20342
36728
36730
20347
20350
36735
36746
3979
3981
36749
20369
3986
3987
36756
36757
3994
36774
4008
4009
20393
20396
36781
20398
4019
4020
4025
4032
20416
4035
4041
20426
20428
20429
36816
20433
36817
20434
4051
4053
20439
20440
36824
4058
20448
36838
36842
20460
36845
36846
20464
20465
4085
4087
36855
36856
4090
4094
20479
36863
4097
20486
36870
20488
20491
4111
4112
4116
20503
36888
20505
4123
36895
4128
4130
36899
20521
36908
4146
4147
20532
20539
36923
4163
36931
36933
20550
4167
36936
20557
4174
20564
36951
36952
20571
4190
36959
20576
36962
20584
36970
4209
20596
36983
4216
20600
4222
4224
20608
4225
20610
36995
4229
36999
20616
37005
20623
37009
20628
20631
20632
4251
37020
20641
20642
4260
20644
20649
4266
20655
4273
37043
20664
4282
37054
20671
20674
4292
20676
4294
4298
4299
20687
37073
20691
4311
20697
37082
20704
20705
37089
4326
4335
20723
4345
20730
37114
4349
4350
4351
37119
4352
37121
37123
4357
20742
37126
37130
37133
37136
37139
37140
20758
37143
37145
37146
20767
4386
20776
4394
4395
4396
37164
4397
4398
4399
37170
4407
37177
20802
4422
20807
37191
37194
37197
4433
37201
37206
4439
37207
4442
20826
37212
4446
20835
20837
37223
4459
20843
20844
4461
4463
37231
37232
4466
20852
20854
4482
4485
20873
20875
4494
37262
20880
37265
20889
4506
4508
37279
37280
4515
20899
4519
4523
20907
4531
20917
20918
37302
4536
37307
4543
20928
4552
20937
20940
20941
4558
37327
4560
37328
20945
20947
4566
37337
37340
4575
4578
37346
4579
37348
4582
4583
37353
4589
20974
37358
20977
37366
20983
37367
4601
20985
37370
20989
37373
4607
20991
20993
20995
37379
4612
20996
37385
4622
21008
21011
21019
4638
21023
4640
37409
4646
37416
4649
4650
4655
37432
21049
37437
4673
4674
37443
37444
21061
4679
21064
4681
4684
21068
37452
4686
37454
21082
37468
21088
21089
37474
37484
37485
21104
37489
37492
4728
21112
4729
4730
4732
4733
21117
37501
21118
4735
37512
4758
4761
37530
37532
4765
4766
21154
4772
4774
21160
21161
21163
4780
37548
21165
37549
37552
4790
21176
4798
37569
37570
4803
37571
37572
4808
37576
4809
21196
4813
21197
21199
21203
4820
21204
21205
21206
21207
37594
21211
21212
4832
21218
21223
21224
21225
4844
4846
4858
21243
21245
4862
21247
4870
21255
21256
37640
37641
4875
4884
37656
37657
37662
21283
37667
4900
21285
21288
4910
37678
4915
21300
4917
21301
37686
4919
21305
21308
4926
37694
4931
21315
37700
21318
37704
4940
21324
37709
37710
21329
4949
21336
4956
21340
37727
37728
37733
21355
4977
4978
21363
21370
37757
4993
21383
37768
37769
21388
21389
21390
21391
37775
21393
5013
37781
37782
37783
5016
21400
5019
5020
37789
5023
21408
21414
37798
21415
21416
21417
21418
21420
21421
5040
21424
21426
5043
5045
5046
21430
37816
37819
5054
21438
5056
21441
21447
37831
21449
5066
37834
21452
37836
21457
21458
21459
37843
37844
37847
37848
21465
5082
5085
5087
21471
37859
21476
21478
37871
5105
5108
37878
21498
37884
5117
21502
5120
37888
37889
5122
21512
37897
37899
21518
5135
37906
5141
37910
37913
21536
37920
37921
5156
21540
21542
5159
21545
37929
37930
37931
37935
37936
37937
5175
21560
5179
37951
5185
21576
5193
21580
37966
37972
5207
5213
5215
21601
37985
21603
37987
21605
37990
38007
5240
38011
5246
38014
21631
21632
5249
38017
5250
5254
21641
21642
21646
38030
21647
38031
21648
38037
38038
38040
21658
38043
38046
5282
21667
21668
38052
21669
21675
38061
5298
21683
21684
38068
21686
21688
38072
21693
21698
5317
21701
21702
38087
38088
38091
5324
5327
21721
5341
21729
21730
38115
38119
21738
38122
5355
5358
38138
21756
21757
5376
38144
5378
21762
5379
21763
38148
5383
21769
5388
38160
21777
5395
38164
5400
38169
21787
38171
5404
38172
38173
21792
38177
5415
38187
5424
5427
21815
21816
5435
5444
21831
5448
21840
5458
5460
5462
21849
21851
5468
38238
21855
21856
5477
21863
21865
38252
21869
5486
5489
21873
21877
5494
5495
5497
5505
38275
5509
21894
5512
38281
5515
38284
21902
38287
5521
5523
21907
21909
21912
5529
5531
5534
38306
38307
21924
5541
21926
38311
38315
38318
21936
38320
38323
38327
5560
5561
21949
38334
21953
5573
38345
5581
38351
21969
38353
38355
5588
5592
21976
38362
38364
5599
5606
5609
38382
5618
22004
5626
22011
5629
5633
38404
5637
5638
5640
5644
22029
38414
22034
5652
38421
5655
5657
22042
38427
22045
5665
22051
5668
38436
5669
5671
38439
5673
5674
5675
38445
38451
22069
22070
22071
22072
5693
38464
38465
38466
5699
5705
22089
5711
38483
5721
38493
22111
38498
38499
22116
38502
22120
38507
38513
5747
38516
22133
5750
22134
22137
22140
38525
38526
5761
5762
38532
38533
38534
22152
5773
22157
38544
38545
22164
22166
38554
5787
38555
22175
5793
22179
5804
5805
22192
38577
22197
5815
5823
22209
38598
5838
22224
38611
22229
38613
5847
22239
5857
5858
38626
38630
22247
5864
5865
22256
5877
5881
5882
22269
5886
38657
22277
5895
5899
5908
38680
38684
22301
38685
5921
22306
22307
5926
22311
5928
5929
22313
38699
22321
38711
5946
38714
22337
38723
22342
38727
38728
22349
22350
22356
38742
22359
5980
38748
5981
38749
5984
22369
38754
5995
22386
22389
6007
22396
6015
22399
22400
38784
22402
38786
6021
38790
6023
38791
38792
22410
38797
38798
6035
6036
6037
22423
22429
38813
38818
38819
6056
22440
38827
6063
38837
6073
38843
6076
38844
6082
22466
6085
38853
22471
38855
22475
38859
6092
22476
22479
38870
22487
22490
22493
22497
38881
22499
6116
38886
22507
6126
22510
38894
22511
38896
22513
22514
38900
6139
22523
38915
22533
22535
6152
6156
38924
6163
38932
22549
38933
22550
6169
22554
38940
38945
22563
6181
22565
6186
22573
22574
22576
6193
6195
22580
38968
38970
6203
22589
38980
6213
22597
22599
22604
6224
6225
6227
39001
22619
6237
22623
22625
39009
6242
22630
6247
22631
22635
6253
22643
6260
22648
6265
39034
22654
39038
6275
39044
6281
39049
6282
22667
6285
22669
6293
39061
22681
39072
22690
22693
22694
39078
39079
39080
6313
22701
6318
39087
22705
6324
22708
39098
6331
22720
39105
22725
6342
39112
39117
6350
22744
6361
39133
39142
22763
22770
39164
6397
22784
39169
39170
22788
6405
39173
6407
6409
22793
39178
39186
22807
39191
6424
22811
6428
39196
39198
6431
39201
6435
39204
22821
6440
22824
6441
22825
39209
6445
39216
6449
22834
22835
6455
22839
6457
39232
6471
22856
22862
22869
6487
6488
22872
39256
22873
6490
39261
22886
39271
6506
22892
39281
22904
39289
22906
39290
22908
39296
39298
39299
6532
39301
39305
6540
39308
22925
39310
39317
22934
39318
6555
39323
6557
6558
39336
39337
22954
6572
22956
6578
39348
6584
22969
6586
6588
6590
22977
6595
39370
22987
39371
22990
6607
39379
39380
6613
6616
39386
6621
6626
39394
6627
39402
39403
6637
23022
23024
39408
39410
39414
6647
23032
6649
23033
6652
6654
39423
23042
23044
39428
23045
23046
39430
23048
23049
39435
39437
23055
39441
23059
23060
39444
6687
39455
6689
23077
39462
6695
23079
6699
39468
39469
39470
6703
39473
39476
6709
39477
6710
23104
6721
39489
6722
23108
6729
6730
6733
39505
23122
39506
23131
39515
23133
39517
23135
6754
23140
23141
39529
6764
39536
6769
6771
39543
39545
23162
6779
23164
39549
6784
23168
23169
6786
23170
6787
39555
23175
39559
39561
23179
39565
6806
6807
23191
39580
39584
23202
23204
6821
23205
6822
23208
6826
39595
23212
23213
39604
6839
39608
39609
23227
6845
6846
39617
39620
39623
39624
6858
23246
6863
23248
39633
39638
6872
23257
39644
23262
6880
23264
6893
6895
6899
23283
23285
39669
6915
6918
23302
23306
23307
23308
39692
39696
6930
23314
6933
23317
6941
23325
23327
23330
39715
39717
6954
23344
6963
39732
6975
23360
39745
23363
39749
6982
39750
39752
6988
39759
23377
6995
23379
39763
6999
39767
7001
7002
23386
39771
23388
7006
7007
23396
7014
7017
39785
23403
7020
7021
23405
39792
23413
23415
7032
23417
7034
39802
7035
39808
39810
7044
39812
39813
23430
23432
39817
39822
7057
23441
39825
23442
7059
23449
7066
39834
7068
39839
39841
39843
23462
23463
23464
7083
23469
23470
7089
23474
7091
7093
39874
39876
39878
23497
39886
39892
39901
39904
39906
23524
39908
23525
23530
39920
7153
39922
23540
39924
39925
7160
23544
39929
7166
7169
39938
23558
39945
23563
39948
7182
39950
23572
39956
39962
7196
39966
23593
39977
23597
7214
23598
39989
39996
7230
23614
39999
40001
40005
7240
23626
23628
40013
7246
40019
7252
40020
23638
40023
40024
23641
40030
23647
7266
7267
23651
23653
40037
7272
40041
23658
23659
40043
23661
7282
40051
7287
40056
7289
40061
40066
23683
40070
7305
7306
40079
23702
7321
40089
40093
23710
7328
7338
7339
7340
40110
40111
23728
23732
7350
40118
23736
7354
23738
7356
7364
7365
40133
40134
40135
40141
23759
23762
40147
23764
40148
40149
7382
7383
40151
23774
7393
40162
23781
40165
7402
23786
40173
40181
7414
40183
40187
40188
7422
7426
40195
23814
40201
40202
40205
7438
7442
40210
23831
40218
7455
7456
40226
7459
23843
7465
7467
7470
23854
40240
7474
40242
23859
40243
7477
23861
23862
7480
23865
40249
7483
40252
40255
23873
40257
23876
7494
23878
23880
40265
7498
23883
40270
40274
23892
7512
40280
7517
40285
7518
40290
40291
40292
7525
40294
23918
7539
7540
40310
40311
7545
40314
7550
23934
7551
7559
7561
40330
40333
40334
40337
7570
7572
23959
40344
7578
23962
40346
23963
23964
23965
40349
23966
23968
40353
7594
40362
40364
7598
23984
40368
40372
23989
23992
40379
7612
7613
7619
24004
24007
40392
7627
40405
7638
7640
24028
40412
24031
40415
7648
40416
24034
7651
24035
24039
40423
7658
24042
24043
24047
24048
24052
7671
24057
24066
40450
7683
7684
24069
40453
7686
40454
40455
24076
7694
40463
7697
40465
7699
40469
40471
24088
24090
40474
24093
7710
40478
24099
40485
24106
24107
24112
7729
7730
24114
40503
7736
24124
24128
40514
40515
40518
24139
24148
7765
40535
7773
40545
7780
24166
7787
40559
40561
40569
7802
7808
24192
7811
24196
40583
7816
24201
7818
7831
40599
40601
7835
40608
40609
7842
40611
7846
24234
40622
40624
40627
7862
24246
40631
7865
7866
40640
40643
7880
40648
40649
40652
7888
40659
24276
24279
24280
24283
7901
24286
24287
24289
24291
24300
24301
40689
7923
7925
24309
7935
24319
7936
7937
40705
7938
40706
7940
24324
40709
24327
40716
40717
7951
40719
7953
7954
7958
7961
40735
7968
24355
24356
7973
24359
24365
40750
24372
40757
7990
24374
24376
40760
7993
24378
24379
7996
24381
24385
40770
8003
40771
8006
40774
24391
8009
40780
24398
24399
8025
8026
8029
40797
8033
24417
40802
24419
40804
24422
24425
40810
40811
8049
8050
8052
24436
40823
24442
40827
40832
40835
24458
8075
24459
40845
8078
24463
8092
8095
24480
40864
8098
40866
24485
8104
40873
40875
8109
40878
24495
40879
8113
40881
8119
24503
40889
8122
24507
8124
24509
8126
40894
24511
8129
40897
24516
40900
8133
8134
8146
8153
24537
40921
40926
24543
40929
40933
8167
24556
8173
40941
8174
24558
8175
8177
24562
40948
8182
8185
40954
8187
40957
40958
8193
40961
24579
40963
40965
40966
40968
40969
24589
24590
24595
40981
8214
24601
40985
24602
24603
8222
24611
8232
8237
41006
24623
24628
41012
24630
8247
41015
8248
8252
41021
8254
24638
41023
24640
8258
41029
41031
24649
24650
8267
41036
24653
8271
24658
41045
8278
24662
8283
8284
41056
24673
41058
41059
8294
24683
8301
24685
41069
41070
41072
8305
24690
8307
24692
24698
41082
8316
41086
24703
41087
24705
41089
24709
24710
24714
8332
8336
8337
41110
24729
41113
24730
8350
41119
8353
24737
8354
41122
24743
8360
41129
24747
24749
41133
8367
24752
41138
41139
41142
8382
24766
8385
8386
8389
24774
24775
24778
24783
24784
41170
8403
24788
8405
24790
8407
24791
24796
41182
24802
41188
24809
24812
24815
41201
8434
8435
24820
24821
41208
8441
41210
8445
41215
41217
8451
24836
24838
24839
24841
8458
8460
41233
24852
24853
41238
41239
41243
24860
41248
41253
41254
8488
24873
8491
24875
41263
8497
41265
24883
8502
8510
41278
8511
8514
24898
8518
24902
41286
41288
24910
24919
24921
24922
24927
24928
8552
24936
41320
8553
24937
24941
8560
8564
41332
41345
41350
41352
24970
41355
8590
8593
24978
41365
24982
8602
24986
24987
24993
24994
41380
8617
41386
8619
8624
25008
41392
8625
41394
41395
8628
8629
25018
25019
8641
41409
41410
25029
8646
8648
41419
41421
41425
8658
41429
25046
41431
8671
25055
25057
41441
8683
41455
25072
41458
8692
41460
8695
25081
41465
25082
25083
41468
8701
25085
25088
25090
25093
25095
41479
25096
41480
41482
8715
8716
8722
8726
25111
41498
25119
25123
25124
8742
25126
25129
25130
8747
25132
41516
25136
41521
25138
41522
25141
8759
41529
25147
25148
41532
8769
8770
8776
41545
41548
8783
25167
41551
8784
25168
41553
25173
41557
25174
25175
25185
8802
25195
8812
25196
8814
8815
25205
8825
8828
41596
8829
8833
41609
41610
8844
25229
8849
8851
25236
25238
41623
8856
8858
8861
25247
41633
41635
41647
25266
41651
25268
41652
25270
41655
25277
25282
8901
41669
8902
25286
8904
25290
41674
8907
41675
41676
25295
41679
25299
25301
8918
41686
25305
8923
41691
41694
25312
41696
8931
41699
25317
25323
8940
25324
8941
25325
8942
8947
8953
8957
41726
8959
8961
25345
41733
8967
41738
25357
41744
41745
41746
41747
25364
25365
8986
8988
25376
25380
25381
41766
41769
41771
25390
9009
9010
41780
41782
9015
25401
9023
9025
25410
9033
41801
9034
25418
41802
25420
41805
25423
41808
41809
41812
9045
41816
25441
41828
25445
9063
41837
41838
25455
41839
25457
25461
9078
25462
41850
9083
9084
25468
41853
25470
41854
25471
41855
9089
9090
25474
41862
41868
41870
9105
9108
9111
25497
41886
41888
25506
25507
41891
41893
25510
41896
9132
25519
41904
25521
25528
9145
9153
9155
9156
41924
25541
9160
9161
25546
41932
25549
41934
41936
25553
41938
9171
9174
41942
9175
9176
41944
25561
9178
25562
25563
41948
41952
25569
9187
25572
41956
41960
9194
25579
25581
41965
9198
25583
25584
25588
41972
41973
9209
41978
9212
25596
41980
41981
25598
25600
41987
25615
41999
9237
25623
25626
9243
42015
25634
9251
42020
9253
9255
9259
25646
9264
42038
25656
25659
9280
25666
25671
9290
25674
25675
9292
25677
42064
42066
9299
42071
9305
25694
9311
25695
25696
42082
42084
9318
42089
42090
25709
42094
25711
9331
42101
9334
25729
42113
25738
9355
25739
9358
25742
9360
25746
9363
42140
25759
25760
25762
9380
25766
9383
42152
25771
42155
25772
42157
9391
25776
42162
9397
42165
42170
25787
9405
42174
25791
25794
25795
9415
42190
25807
9425
25812
42198
25815
42202
25820
42207
25830
25833
42220
42222
9462
42230
9463
42235
42236
9472
25856
25859
25862
42248
42249
25872
9491
9492
9493
25885
42271
42272
25889
42279
25900
9517
25902
25909
9526
25911
9529
42299
9538
25923
9543
25928
9550
9554
9556
9558
25942
25943
9560
25945
42330
9565
25950
9567
42341
9574
25959
9576
9584
25968
42353
25974
9593
25978
42362
25980
42366
25985
42369
42375
9608
42380
9616
26000
42384
42385
26002
26004
26007
42392
26010
9627
26012
42396
9631
42399
26024
42408
9642
42410
9647
26031
42420
42422
42424
9658
42426
42427
9663
42434
9669
26053
9671
9672
9677
42447
9680
42451
42452
9689
9692
26081
26084
26085
42469
26087
9707
42475
9708
26096
9713
26098
9715
42486
42489
26106
9723
42491
9724
9725
26114
42509
26135
9756
42524
9757
26142
9762
9766
9774
42542
9775
9776
9777
9778
9780
26165
26166
42555
9795
9796
42564
42565
9799
42567
26185
42581
9818
26205
9822
42590
26209
26218
26219
9843
26230
42614
26231
9849
42617
42618
26236
9856
26243
42627
42629
42640
42643
42644
9877
26261
9879
9881
42651
26272
42657
9890
42658
9891
26276
42663
26280
42665
26282
26283
26284
9901
26285
42674
9907
26292
9910
9913
42681
42682
42685
9920
9921
26306
9923
42692
9925
9930
42698
9934
42703
9936
26321
26326
9943
26328
26329
42716
26336
9957
42725
9962
9965
26353
26359
9979
9980
42749
9982
26368
9985
26369
9988
42756
26379
9996
26380
42764
10004
42775
42781
42782
42786
10028
10037
42806
10039
10046
42821
26440
42825
26442
26447
26452
42837
10072
26457
42843
26463
42856
26473
42857
10091
10092
26476
42869
26491
42875
10109
26495
42879
42880
42885
42888
10124
26509
42895
26512
42897
42898
10131
10133
10139
26524
42909
42911
42915
26533
10153
26537
26538
10155
42924
10164
42932
42936
26558
26559
10176
26560
42948
26569
10186
10189
26574
26575
10192
42960
10194
26578
26579
10200
26586
26587
42972
10207
10212
42981
10214
42983
10216
26601
10226
26612
26613
43003
10237
10239
26625
43009
10242
10247
43017
10252
43021
43026
43027
26645
43034
26653
10278
26662
26667
26668
10285
26672
10289
43061
26682
43074
10309
10311
26696
43080
10315
43084
10317
43087
43088
10323
26708
43093
10331
43100
26719
43105
26723
43110
10347
10352
26738
26742
43127
10365
10367
26751
10369
43140
10374
10377
10381
43149
43151
26768
10386
43154
10387
43156
26775
10394
26786
43172
26794
43178
43179
10415
10416
26800
43184
26810
26813
10431
10432
26817
43203
43205
26825
43212
26829
10449
26833
43222
10460
26844
43231
26852
43236
26854
10474
43244
43245
26865
43250
26867
43251
43253
10488
10491
26879
26881
10498
10499
26884
10504
26890
43275
43277
26896
43281
43284
10530
43298
10531
43299
10533
26920
26921
43305
10539
10540
43308
43310
43312
10545
26929
43314
26931
10548
43316
43320
10553
43323
26941
43326
10559
43327
26945
26946
43332
43333
43335
10568
43340
26958
43342
26961
26963
10581
43351
26970
43355
10588
43356
10594
10595
26980
43364
10600
10605
43373
10608
26993
27001
27005
27006
10624
27008
43393
27016
43400
43404
43410
10649
10651
10652
27037
43426
27046
10664
43433
43441
10682
27066
43450
10685
43453
27070
10690
43461
27082
10700
43471
27088
43472
10705
43473
43474
43476
10709
10715
27099
43484
10717
27106
43494
43498
10734
43504
10737
43505
10741
27127
10744
43515
27134
10752
43520
10753
10755
10759
27143
10760
27145
27148
43532
27150
27156
43552
43553
27173
43562
10797
43567
10803
43572
43573
10806
10810
27194
10811
10815
27199
27201
43585
10824
27212
27214
10831
27215
43602
10837
43605
27225
43609
27226
27228
43613
10846
10847
43616
27237
43621
43622
27241
10859
27247
43635
43636
43639
27257
43643
43650
27267
43651
27270
27274
27280
43665
10899
43668
27287
10905
27291
27293
10912
43680
10914
27305
27306
27309
10927
27311
43695
10930
43698
10931
27315
10932
27321
27322
10939
27325
43709
10943
27328
43712
27329
27331
43717
43719
27336
10953
43723
43724
27344
43728
10964
43733
43734
27352
27353
27357
27358
43746
27369
27372
27374
10994
43764
10999
27383
11001
43769
11003
43771
27388
27393
11010
11011
27396
27401
43787
11020
43791
11032
27416
11034
43803
43806
11040
11050
11051
27441
27443
43827
43828
27449
43833
11071
43841
11075
27460
11079
43847
27464
43848
11085
43853
11087
43855
27475
43860
11093
27484
43872
11112
27496
27500
43884
43885
27506
11129
27513
27515
43903
11136
27525
27528
11147
43916
11149
43918
27535
27540
27544
27552
27554
11171
11172
27561
11180
27565
11183
11184
27568
43955
11188
11191
43959
11192
11196
27581
27583
43973
43978
43984
27603
27604
11222
11226
27611
11228
44000
27617
27621
44006
27623
11240
27626
44012
44013
27631
44022
44023
27641
27644
27650
27651
11272
44042
27663
27666
11283
27667
27668
44052
44054
11289
27677
11295
44064
27684
27688
27695
11312
44082
27704
27708
44092
11329
27713
44097
11331
44099
11335
44103
11340
27724
27733
27735
27736
44122
11362
11363
44133
11368
27752
11371
44141
11378
44147
11381
27766
44150
44152
11389
11391
11392
11393
11397
27782
44166
27783
11401
11402
44173
27792
44179
27798
11419
11420
44188
44189
11431
27819
27822
11448
27835
11454
11456
27840
27842
27844
11464
27849
27857
27863
27864
27876
11501
27886
11503
11512
11515
11519
11522
27916
11536
11537
27923
11545
11553
11554
27946
11564
11565
11567
11568
11569
11582
11585
11594
11597
11608
27992
11609
11612
27996
11614
11619
11628
28012
28014
11632
28018
11637
11639
11640
11641
11643
11645
28032
28034
28037
11655
28040
11659
11661
11662
28053
11674
28061
28062
28070
11693
28079
11698
11700
28089
28093
28096
28109
11726
28130
11747
28135
28138
11759
11760
28147
11769
28156
28162
11783
28170
28172
28174
11791
28175
11793
11798
28182
28184
28186
11804
11808
11809
28196
11818
28208
28211
11830
28219
11841
28237
28238
28239
28243
28246
11868
11876
11878
11879
11880
11883
28268
28269
11886
28270
28271
11890
28275
11896
28280
28286
11903
28292
11909
11910
11911
11913
11916
28306
11928
11931
28319
28321
11942
11948
28339
11959
11970
11974
28364
11983
28367
28369
28373
28381
28382
12001
12003
12005
28389
28391
28393
12016
12020
28404
12028
28415
28416
28421
28423
12041
28430
28440
12058
12059
12065
28451
28456
28458
12086
12091
12101
28493
28494
28495
28507
28509
28514
28515
12133
28520
12138
12139
12140
12143
12144
12145
28543
12160
28545
12165
12167
28561
28563
12182
28568
28569
28572
28576
28581
12198
28584
12202
12203
28590
12209
12214
28598
28599
12216
12218
12219
12221
12223
28610
12236
12237
28621
12238
28622
28624
12242
28626
28627
28631
12253
28638
28640
12258
12261
28647
12265
28653
12271
12272
12283
28673
12292
28683
28688
12312
12314
28698
28700
28704
28707
28712
12329
28713
28714
12331
12334
28720
28723
28725
28726
12344
28731
28734
28749
28751
12370
12371
28760
12387
28771
28778
28782
12407
28791
12411
28798
28799
12420
28804
12421
12422
12436
12443
12444
28835
28837
28841
28843
12462
28847
28850
12467
12489
12494
28880
12497
12499
12500
28884
28886
28891
28902
28903
12524
28919
28923
12540
28924
12541
28925
12542
28926
28930
28933
28936
28939
28940
12557
12567
28952
12571
28969
28972
28976
12596
12597
12600
28984
28985
12607
28991
12609
28997
12614
12616
12618
12631
12632
29021
12641
29025
29026
12645
29039
12661
29046
12663
29053
12673
12674
12676
12680
29068
12688
29073
12696
29089
29096
12714
12723
12724
29111
12736
12737
12742
29128
12746
12747
29131
12748
12750
12751
12752
12753
12757
12759
29146
12763
29148
29159
29161
12779
12780
12783
12785
29175
29177
12794
29180
12803
12805
12808
12815
12818
12823
29209
29211
12828
12829
29217
29218
29222
12839
12840
12842
29227
29231
12854
29239
29240
12857
12868
12870
29256
12875
29265
12882
12883
12884
29274
29280
12897
12899
12902
29297
29302
12921
12922
29309
12926
12928
29315
12932
29318
29323
12943
12944
12953
29340
12961
12962
29357
29359
29361
12978
12983
12984
29369
29371
29374
29379
12999
13001
13002
13014
13019
13027
29413
13034
29418
29422
13043
13049
13050
13056
29440
13064
13067
29455
13073
13075
29461
13078
13090
13093
29480
13101
13107
13110
29494
29495
13115
29500
29503
13125
13127
29515
13139
13141
29525
29536
13154
13155
29541
13159
13160
29544
29546
13168
13169
29560
13179
13183
13186
29574
29586
29589
13206
29600
13222
29606
13226
29612
13233
29623
29632
13252
29636
13253
29639
29642
13260
29646
29652
29653
29669
13294
29678
13296
29683
13302
13303
29687
13306
29692
13309
29695
13314
13315
29699
29703
29706
13324
13326
29712
13330
29714
13331
29719
13340
29726
13347
13348
13351
13352
13353
13355
29741
29746
29747
13368
29755
29757
29758
13381
29767
29771
29773
29774
29779
13396
29784
29785
29786
29797
29799
13418
29803
29806
13424
13426
13427
13431
13434
13437
13438
13440
29824
13442
29826
13452
13453
13455
29841
29844
13461
29849
29854
13475
29869
13486
29872
29874
29875
29884
13504
13508
29892
29894
29895
13514
29902
29903
13528
13532
29925
13544
29928
29933
13553
13554
29940
13560
29944
29945
13567
13571
29961
29963
29964
29966
13583
29971
13589
13591
29977
13595
13599
13600
29986
13613
13614
29999
13618
13625
30014
30016
30018
30021
13644
13652
13657
30043
13662
30047
30049
13672
30066
30073
13694
13695
13698
13701
30090
30096
13713
30106
13726
13727
30112
13733
13736
13742
30128
30132
13749
13750
13751
30141
30145
13764
30150
13768
13770
13773
13777
30161
13782
30176
30178
13798
13802
13803
30187
30193
30194
30208
13825
13831
13832
30217
30220
30221
13850
30237
13860
13863
30251
13869
13874
30261
30263
13884
30268
30270
13887
30271
13888
30275
30278
30282
30285
30288
30291
13908
30293
30295
30297
30298
30304
13924
30309
13928
30312
30314
13931
30315
13938
30326
13947
13949
30341
13959
30344
13961
30345
30346
13966
30353
30354
13974
13975
30361
13978
30364
13988
30378
13999
30386
14008
30392
14011
30402
30403
14020
14021
30406
14029
14030
30416
30427
14051
30436
30439
14058
14062
14083
14084
30468
30475
30481
30486
14105
14108
30493
30498
30501
14121
30507
14129
14130
30514
14134
30522
14141
14142
14144
30531
14148
14153
14164
14165
14174
14176
30561
14183
30572
30574
30579
14198
30582
14201
30585
30587
30588
30602
30608
14233
30619
14237
14240
30626
30627
14244
14248
30633
30637
14254
30643
14261
30647
30649
14266
30653
30660
30663
30667
14284
30670
30674
14292
14294
14300
30684
14303
14312
14325
30713
30714
14338
30724
14354
14357
14359
30756
14377
14380
14381
30771
14388
30783
30787
14409
30793
14412
14419
14421
14425
14429
30813
30815
30818
30819
14436
30820
14446
14450
14453
30838
30839
14456
30842
30843
30844
30848
14479
30876
30884
14502
14507
30894
14512
30897
30900
30901
30903
14521
14523
30912
14529
14538
30922
30929
14556
14557
30941
14567
14580
30973
30975
30979
14598
14603
14608
30992
31002
14625
31012
14630
14635
14637
31024
14641
14645
31031
14651
31035
31038
31039
14658
31042
14659
31043
14664
31050
14669
31054
14678
14687
14689
14692
31076
14696
31084
14701
14702
14704
14706
31091
31094
31102
14724
31109
14729
14731
31115
14732
14734
14735
31123
14742
31130
14751
31135
31137
14755
14760
14764
14766
31152
31153
31155
14775
31162
31163
14784
31168
31174
14793
14798
31182
31189
14806
31192
31195
14812
31200
14817
14820
31204
31205
31207
14825
31219
31220
14839
14843
14849
31235
31237
31243
14872
31258
14875
31259
14877
14880
31265
14883
31267
31270
31271
31278
31285
31286
31287
31297
14915
14916
14918
14920
31304
31305
31313
31322
31328
14945
14946
14948
31334
31335
14958
14972
31357
31359
14981
14987
31372
31374
14993
15004
31391
31394
31396
31397
15014
15015
31399
15021
15025
15029
31418
31422
31424
15041
15055
15066
15071
15073
15075
15078
15080
31467
31469
15087
31471
15099
31486
31487
31490
31492
31493
15111
15113
15115
31500
15117
15118
31503
31506
15126
15127
15129
15131
15136
31522
15139
31523
31534
31545
31546
15167
15169
15170
31558
15176
15181
15185
15191
15194
31580
31581
31582
15199
31587
15211
15219
31605
15224
15230
15232
31617
15234
15236
15247
31631
31632
15250
31637
15256
31640
15261
31646
15276
31662
15279
31664
31666
15283
15285
31671
15290
31674
31679
31682
31684
15301
15302
15304
31688
15306
15308
31692
15319
31704
15321
15326
31710
31724
31726
15345
31732
31740
15358
15359
31744
31745
15364
15370
15374
31758
31762
31769
15390
31778
31780
15397
15406
31793
31794
15416
31802
15424
15427
15439
15449
15453
31844
15465
31858
31859
31860
15479
15480
15481
31867
15486
15488
15489
15491
15492
31877
15495
31883
31886
31890
15513
31897
15514
31898
15524
31908
31916
31924
31928
31932
31948
31951
15569
15572
31957
31965
31980
15599
31989
31991
31995
15612
31996
15614
31999
15616
32003
32004
15621
32005
32009
15631
15632
32016
15638
15639
32024
32025
32026
15647
32035
32036
15655
15657
32047
15664
32048
15665
15666
32053
15670
15671
32056
32063
15683
15684
15685
32069
32073
15690
15691
15692
32084
15703
32096
32097
15715
15716
32101
15721
32105
32112
15731
15732
15735
32119
32120
32124
15744
15749
32134
15751
32145
32146
15764
32155
15775
32161
15781
15782
15788
15801
32187
32190
15810
15815
15826
32212
32222
15843
15847
15852
15854
15858
32242
32245
15862
32248
32250
32256
32260
32265
15882
15885
32276
15905
32292
32303
32309
15926
32320
32324
15943
15945
32334
15951
15954
15957
32342
15960
15964
32353
32357
32363
32371
15992
32386
32389
16012
32399
16019
16023
32411
32415
32416
16035
16036
16042
32428
32431
32439
32442
16067
16078
32465
16086
16087
32471
16093
32489
32493
32498
32500
16118
32507
16124
16125
32511
16129
16132
32516
16136
16141
32525
32526
16146
16147
32533
32536
16155
32540
32542
16160
32545
16165
16169
32559
32560
32564
16181
32566
16183
16184
16185
16193
16197
16198
32582
16199
16203
32587
16204
32590
16208
16210
16212
32599
16216
32602
16219
16223
16224
16228
32612
16232
32618
16235
32624
16242
16245
32630
16247
32634
16251
16253
16255
16262
16272
16273
32660
16278
16280
16283
16287
16289
32675
16299
16301
16302
32689
16308
16311
16314
16318
16325
32717
16341
32730
16348
16350
32739
16358
32742
16362
16380
32764
8
385
147
420
199
247
302
239
447
