3576
16847
48262
37478
38413
45766
4160
45769
24299
30182
44309
8960
46704
32580
34970
477
31110
35072
8950
49209
32578
34972
26698
8954
12042
29193
51653
36012
39872
36013
34975
9057
43374
37473
29198
43375
14437
38423
35929
38425
15893
495
34990
20347
490
15899
6551
6541
35084
25247
33521
6547
15891
6549
39885
8946
37488
13490
35921
11928
41826
41827
11925
36038
19321
14428
48286
38434
44324
16827
12020
25255
5598
27658
34991
8093
35097
50215
31138
38431
16816
39896
19317
8937
33539
43376
20367
21301
11913
15879
14415
19310
41819
16815
18375
14418
45778
48278
5590
48275
46718
12018
3199
28603
35940
28602
50208
50202
27667
33544
6524
26202
16805
43381
8924
14409
10973
20372
43384
9027
10970
35946
37434
19388
44785
44784
13025
16885
29148
14489
44788
15423
45722
47284
51603
49684
7534
48226
10520
9932
29154
11981
34091
26650
9934
40817
34095
9937
50672
33995
2640
19377
1693
40832
42373
40830
19374
4194
35047
13013
10517
12913
21766
16875
47271
43316
39846
6597
43318
5136
26667
48214
49676
5127
29167
2638
9923
16871
40829
12079
27607
12075
34945
1681
17800
17803
40841
43343
17802
4181
45741
19368
26671
16861
6582
24275
45746
48246
20310
48245
21776
29176
9075
25216
5116
7514
9912
9079
30158
50695
34953
29174
43351
34955
50692
44793
16857
47290
45734
47296
49690
22724
21786
24284
4179
20324
51617
9063
51622
6565
5103
6567
50687
25224
26686
48239
19349
34965
37462
29182
9908
1671
50680
34055
11020
2681
7582
15820
14888
42341
7584
10085
17385
7586
9983
38858
20776
42346
6123
10927
44745
42348
47242
44744
52193
31550
8517
19773
17376
15816
34052
28173
50619
7572
15810
5176
17372
50615
42333
46290
39805
10918
7578
8511
9976
11014
46295
46296
52174
8504
50621
31561
10909
34061
10070
17366
28187
17368
30104
31567
30105
10067
34913
10065
14863
35010
42366
3601
10061
43300
43301
47262
9960
43303
29127
12467
5169
9963
44768
50649
12464
21738
45704
49664
23298
28190
50650
34072
48207
26635
19751
2662
38888
14851
42352
44751
44754
9951
39822
29140
50642
30120
907
7549
33980
50641
12448
9946
17342
30128
2653
33988
11904
31514
15866
32975
37872
31518
52148
4603
14405
11065
25626
16802
36414
29586
7106
9504
29589
13469
28129
28128
43769
23231
29590
38803
47200
10963
25635
2208
10961
48668
49605
10960
1255
1252
10953
29597
43752
41358
23241
48651
18343
18344
35481
32985
31521
32983
30589
943
34031
28148
13440
34030
15843
35495
25649
28145
15846
50608
6148
33939
38831
36435
42326
36437
50600
52162
42329
18339
23252
30596
33090
25655
30599
33095
23259
3641
33094
34045
34044
7592
38841
12496
2693
52159
17395
34048
28158
5199
9993
42310
6136
14891
6137
46271
11036
14895
46272
24200
47213
19786
17387
15825
19784
1238
21706
24203
2698
18324
7142
834
48749
836
51298
7148
27274
52230
9542
35567
31607
51297
33168
25718
43853
38058
24781
20821
22385
15027
19823
12522
18888
20827
16480
20828
25721
18882
14089
18880
4645
11580
30679
4639
14082
29680
17419
29682
19813
37972
41442
19816
34115
20832
39004
14917
38900
19810
17415
25733
13974
20835
14911
30674
39008
2238
28236
8584
859
49704
31627
854
33187
9524
11575
29694
7128
19801
41478
35588
9528
11570
39014
42415
39016
40001
14905
39011
17403
20841
14908
3681
44817
12
3684
3689
38090
33198
35597
2210
31638
868
7111
9512
7113
4619
39032
1270
43861
9516
41466
9513
43865
39029
16454
46361
16457
43869
40011
48761
39024
44806
47303
30694
30697
47304
49701
33192
12571
5626
48701
32180
28691
8128
14976
37083
18409
40469
40467
42870
24738
39474
41411
39476
11108
16009
41414
11106
35514
47774
3222
45376
41418
38018
22342
22345
17462
15901
47779
5625
47777
3229
19861
8111
29642
9574
30630
30632
9578
15062
8114
29648
12568
35531
33132
11101
37096
27247
36993
40476
37926
23
41406
24753
47760
17450
14956
47764
883
43807
7175
37929
3206
27256
7165
8100
48726
30645
30646
51270
35539
890
45394
40482
56
22367
43838
15040
20800
37939
894
46339
52214
7153
48712
23303
33154
9553
33152
28208
38050
28207
10145
28206
38051
28203
42883
33159
41420
42
19831
12537
40497
10139
47782
43822
17439
20816
16496
24773
22374
24770
48720
49285
46789
23751
23752
47725
9106
1707
10571
9109
47728
18802
14009
3273
41892
32138
38493
37033
15463
35995
28658
13904
37038
44397
13066
21360
39432
45313
42819
50264
49279
27201
3260
28661
34545
10553
64
34543
39440
44383
42820
51203
5654
42822
13056
13055
46786
36948
45348
24711
22310
23777
23776
32160
29612
12949
34561
32163
17842
15447
37060
15449
42850
45351
13047
39459
413
29614
23785
5647
10546
24724
17836
47732
8133
24723
23786
30611
23788
29624
26281
34574
30613
15434
36973
40458
36974
2297
19398
27223
17835
36967
10532
21391
35506
42842
3231
9591
5630
7196
5633
13032
5635
3238
47743
12097
8130
49241
22772
11552
11551
11550
25275
27671
18848
27670
21317
35952
36051
6641
28613
4246
14048
27679
31159
33556
9143
14040
36055
28617
25283
22787
21323
51681
21324
45798
36908
22785
18834
18835
27686
23729
49238
23725
49236
25286
11534
5696
11532
18831
13939
33568
449
50225
50224
36069
11537
44342
40407
23732
22795
20398
45304
39416
47706
10593
36080
18821
18826
27695
27694
31187
1723
32113
13922
35976
36910
14023
41873
13082
17887
41875
46770
39410
42810
44374
36911
50254
36913
12989
11525
23743
21346
18819
49253
31191
46757
17877
16412
33591
49259
16418
5670
36089
5672
14011
35983
13070
4211
12971
28647
13914
41863
34529
36928
37028
50249
21352
37023
8177
46761
38488
17076
41099
43498
20464
22862
13113
17078
44431
41938
3093
40996
40994
45899
17915
18013
23800
21404
25365
46836
5492
48397
3099
17071
5496
14578
7885
23808
5488
6422
23809
25368
50323
8823
14571
50325
14572
15509
18006
51783
17908
28706
36140
8828
18008
28702
42044
22872
42022
17068
41927
48380
15508
5481
21416
5480
48386
23814
20479
1519
16961
13106
46825
7873
26317
3915
50318
5479
28710
6410
4016
8810
31259
26310
14560
12164
28718
45890
36153
8817
21420
20488
14559
46854
3072
21425
25381
26326
1513
364
50347
33665
41961
36167
8806
42045
44441
14549
39511
12142
44447
23838
33683
27793
3064
31287
27791
3066
7852
28730
26335
5458
36176
51794
19436
38574
44452
41051
39962
38508
26781
4078
17951
5014
394
6479
5015
395
29284
51744
26785
26783
9807
40947
31206
1575
41043
35160
1573
40942
36116
18043
18045
3961
22831
20436
24391
21895
30280
48340
6466
30274
48344
30277
25333
31211
30279
2502
1567
37574
31218
33614
40956
33612
17933
33629
43475
40974
40972
41915
44412
4051
3954
25341
6450
17096
16998
4057
25349
27744
46818
50305
6448
14594
1558
36121
41068
1551
31228
37580
15526
41900
38538
43464
18024
13121
20459
45866
42005
22855
42006
17082
22857
15522
46807
31230
51756
6432
51757
33631
32699
22859
31235
27751
8832
17917
10625
36133
37597
37592
41079
36588
4951
11154
34187
11150
7453
44875
43414
37523
39085
39089
7459
39921
7458
41006
50765
9848
39090
42461
4941
35132
4942
35134
4945
21854
42468
39931
13542
39934
44867
9834
7437
45801
31691
24355
41016
13539
21856
45805
9837
30233
18430
34191
34196
30239
48308
12595
35148
17490
15094
1592
8891
43431
12590
40090
49791
5033
4935
6498
45834
4937
37549
13529
8889
30240
22801
27704
17486
32641
40088
17489
40921
27701
26767
40940
4081
35155
1580
42486
3988
10182
4921
24372
51703
5022
45820
11126
5024
44889
21873
7423
50769
29274
47388
5018
13518
25310
26775
7414
21879
26770
13514
40939
20418
15077
14978
40935
14979
17474
2520
17477
18410
19872
27711
40097
16014
35150
5930
14533
3534
41490
16934
7496
9895
19430
14538
31648
3539
16936
6039
38945
52273
50710
44832
42435
46393
25760
23365
48798
47338
5091
21803
23368
21806
50708
26708
2586
4987
34151
14524
50704
16089
52269
50706
805
41485
6025
52265
15981
29201
46383
39051
20879
19419
25773
48782
48781
44826
47322
28274
47324
24315
19414
24312
31654
5083
19413
17018
2575
4976
9870
18473
5076
5912
6011
37504
8410
39065
3519
819
29211
44851
29212
47351
29214
50734
36569
49751
16909
23383
47359
39058
19409
40044
31660
21827
28283
31666
30203
2578
11168
32615
15963
824
16064
15966
36574
35110
23390
42441
38979
5901
9863
20896
39913
50720
13568
7469
5908
29227
11169
29228
24330
47347
31672
47349
1104
2568
28293
30798
25849
28344
30797
47417
33292
7013
34231
33299
4517
2111
2110
7015
4519
25844
1177
12665
9414
11201
38194
19958
12661
28349
10265
12660
40116
38193
43985
21051
15158
45020
43988
19950
12656
42527
38187
21050
3572
20951
23458
15152
30791
47427
3577
33291
15154
49823
3578
23454
23453
39129
28357
28356
8460
6067
6069
49807
7003
10256
10257
12650
20964
12649
23462
39137
12646
39132
10249
44079
44914
21905
45016
49811
6062
28368
1157
31759
50822
20977
21910
21077
17532
42549
17531
21911
39146
47441
20975
26810
24411
23475
21914
1148
1145
34267
26813
26814
22019
28375
30308
14191
28373
6048
19927
44092
19925
29312
36667
8449
21087
44097
44930
40146
22021
39156
44937
46497
25889
45037
16580
1149
24420
30750
749
11240
46437
744
51386
21005
48838
30755
35655
33258
25803
27367
25804
18536
13638
18534
43944
44044
38142
19992
741
742
24871
7050
48843
7054
6945
7049
30766
10290
24875
9445
35665
11236
28312
27379
11231
42996
45492
13627
20085
16127
44030
35657
38154
18525
15186
52318
24886
47899
46435
52313
24882
6944
21022
25825
7032
30776
6936
20928
25821
23424
21029
25820
9433
15183
9436
18517
11222
35679
35672
41563
35673
31718
34207
22494
5996
15176
46466
8494
20099
22496
39103
21032
48867
7031
39106
30772
762
20935
8493
33283
28331
46449
33281
27398
24899
1189
31722
34223
34222
51391
35689
18508
36622
12671
41552
43950
43951
16104
13601
44053
19965
43956
776
6080
48851
5987
775
48853
2129
23887
45457
18937
22426
23886
17997
28788
27323
16538
19035
18936
30713
3130
34665
33200
7932
38106
51349
42969
23890
9497
8026
50398
26395
32280
19029
27337
50390
27334
28796
33222
27331
4584
6982
3122
51339
37171
42953
37173
9482
11629
51335
3127
38118
13189
11626
38112
51331
7088
7921
8021
7913
48816
32293
30734
10681
14114
16511
37193
10674
34688
52309
10673
47880
39581
37184
43921
20055
22452
11616
47884
22451
4579
19009
43925
3117
48820
45489
13174
11611
47867
48800
19003
18068
24856
18902
46402
11609
44009
13169
19005
48801
18906
46406
15566
48807
2166
33247
16501
24859
33245
27354
10664
33238
39597
35634
45476
3104
46411
43916
20065
21444
42916
40514
43018
45416
40510
17514
3181
18977
19076
31298
33693
4120
33686
8074
15114
10213
4115
44480
18973
33688
51300
50367
8079
40509
9012
302
303
8908
42903
44465
40527
44469
40523
21454
45403
23859
1606
3172
3173
23857
17507
16561
33698
7962
11665
4102
41971
5565
15104
26359
7963
5569
34637
21461
39533
21462
6506
42077
8904
315
43039
22401
46898
20001
27301
11661
28764
40531
3160
27307
5551
5553
43042
8055
43044
42945
51320
39542
21470
11658
42926
8048
19049
22413
43029
23874
40544
47828
16547
34663
32266
24811
332
3142
16540
335
3145
14146
16541
34657
42095
41999
29711
5548
29712
7944
46890
7946
50376
7947
22993
37217
15647
23090
20598
44565
18141
22994
10749
46964
20595
47902
23098
49466
7754
47906
7753
28830
26433
24036
5359
27898
33776
50459
32310
27895
50453
13240
2860
42173
42174
218
19595
17199
19599
44555
17193
47058
2859
7742
36283
24048
7744
5347
14690
220
38684
18128
18125
50442
40604
19583
39639
15625
10725
39634
37239
47089
241
5341
14688
47927
51417
36292
6795
5333
36294
31398
51418
9297
6799
51415
7733
5339
12285
39631
50479
50473
47091
47070
23960
42179
24061
20103
39644
15615
21561
4390
28862
47079
43118
47913
49475
252
24901
20104
6791
22503
17170
2824
9281
51404
6783
47918
25008
47919
34744
9284
24906
27402
42180
34741
39641
15606
42182
34748
37245
32349
5329
19566
40629
19569
18105
44585
44584
19123
33739
36239
19121
3842
46081
11727
263
46088
20558
265
14225
3848
46924
262
6336
49422
25455
8731
10781
32795
1449
14220
14221
1447
13288
8739
49429
43592
16615
18179
41192
45970
46075
48472
22964
42116
18174
47011
46912
20565
3839
46911
46917
47014
8724
2899
19108
28803
13270
14206
44543
5380
5381
28808
38654
42149
7780
21512
15664
14200
50429
49442
16601
14205
24016
10762
50436
49445
21516
15661
25476
51892
13264
37206
18159
37201
10759
5370
44532
5371
46932
22988
44534
25483
21526
48494
23922
15654
47036
49431
50419
46934
47034
3815
5367
7764
10750
27888
1416
13252
1410
36265
2874
51883
36266
13250
36262
13684
3885
6381
16184
27803
22070
24470
22074
51826
50888
43547
51831
23013
19514
41138
21976
20512
19518
2424
27811
25416
30358
27810
25414
22919
33707
6371
31309
6373
43530
6376
4812
24481
8771
12214
8777
36205
21981
43538
19504
23026
50886
7305
25420
20526
23022
30365
17100
2413
14605
32768
25426
26887
25424
37677
3860
21996
45962
21998
6366
12203
24492
21993
44502
46068
44505
20530
4807
22937
8758
44509
46902
23032
2405
22934
48469
41156
27833
33711
32778
36227
37685
35289
22941
51837
51836
30390
8754
48451
38626
30382
27849
1455
1454
33722
18542
27843
16147
36672
1000
17166
5803
12263
19561
12262
32717
37614
8305
35214
47463
37609
25894
23498
44968
49864
35209
23494
46001
12260
24438
1009
45909
48401
30310
22036
21939
35220
34286
17153
12250
7356
36688
36689
14651
45053
21940
41101
41100
24447
49853
21948
49859
14642
12245
36697
39190
36698
12242
17141
32737
44980
42587
21951
44984
51802
42589
47484
45921
44988
22056
41115
24451
49887
45926
45929
48428
17137
2445
2444
35244
35245
12231
11297
14634
32749
8797
21963
35249
7337
43514
45078
24465
46011
47476
41128
24464
29361
43518
47477
41122
26869
46019
40185
26914
27013
1048
34363
8344
34368
10399
18626
32803
26918
32806
36764
18620
16222
45153
39253
45155
13721
16229
39254
23589
24522
26084
3441
49957
17682
31876
5832
26924
29425
34376
29427
24525
39272
35314
50084
50087
10386
12781
12780
50083
27027
26929
21196
22131
18612
16215
4890
12776
23590
18611
24532
3431
23597
7391
51028
5831
49942
29435
27037
48508
30425
1023
27034
8321
2486
51056
2485
34386
24536
2484
30428
42670
9789
32829
37721
39287
35327
37724
50955
42674
45170
39280
37720
43610
27039
22140
41200
17665
18601
49971
11300
39278
40263
47575
48513
26943
48515
7381
46119
4876
9770
2476
34399
5815
51046
24549
10365
35339
607
8317
608
609
29446
12757
37729
22154
12754
45169
40276
47562
46104
4871
27050
49969
22156
31897
3411
25934
45106
47502
29897
8388
49905
24998
31820
27492
14710
28438
33388
35785
13773
11377
26035
44170
39211
17204
46572
19603
13767
5885
16263
23540
42617
48971
21140
18662
6822
47511
45116
16268
48957
4416
6812
628
33391
25944
4418
30896
26042
9311
8379
1912
34332
34335
41666
13758
46560
48961
42604
39227
42609
5879
49923
8363
47527
23557
25954
25955
50076
8367
50911
41694
11354
40225
41696
11351
40222
39235
34338
18642
3460
48990
3464
21169
23564
16241
48994
47536
5865
16243
16245
50919
22109
24506
51000
31851
34352
1057
31854
26063
8356
11346
1054
11342
28468
34357
36749
40234
18630
36745
48981
21170
13731
42627
48985
23576
5851
645
15297
23573
17694
16230
25054
48920
48087
19169
46522
29850
49024
20157
22555
49022
48923
29854
48929
33340
30842
48927
1969
48926
33344
30847
1966
33342
4471
27451
10302
14265
16663
4466
35731
3003
33337
50016
656
12705
50019
39697
29859
35738
38232
652
10304
46531
48074
27461
25062
46511
44118
48077
26005
33356
25069
49019
48919
1964
38240
2062
14252
4452
45581
667
45582
9350
29868
35749
663
664
6858
666
6848
26010
25078
19145
49041
25075
23514
48942
30863
2048
31800
35762
30868
23517
25912
33366
2040
11740
28419
20183
14242
44150
21121
46553
24980
21123
11746
50036
20187
22582
50023
23526
46535
19139
29888
19137
33370
1936
33376
14235
1932
18198
27489
25925
13293
20193
18190
15696
14233
50029
36709
50028
50025
39200
8398
22595
46543
40647
39659
47943
3053
22515
3055
12743
29818
2951
34759
21582
29810
37255
38209
26481
35709
20121
21586
20122
40652
40650
22525
32373
25020
4496
10335
12732
11799
3037
33303
19195
6899
3038
27424
37269
33307
5437
14291
43141
20131
35701
50484
35702
29824
26492
48062
23999
21596
24091
23994
49004
2927
49003
19185
25036
4493
26495
2099
14287
2095
1996
16687
30819
3025
33315
27436
1993
16688
6889
43174
45571
29831
45570
51453
7825
35713
37278
12723
45555
43158
24942
25042
22541
38229
47957
48054
22542
27445
47959
34796
27441
1978
19176
39682
6870
14279
5411
41600
22551
45563
45562
47961
205
5418
20150
20151
11819
40734
18273
20200
45632
45634
21660
15771
22602
20205
39749
25106
30044
24168
2733
2732
5229
37342
10876
7629
15768
44683
37358
19201
16703
47188
15762
49589
14300
6682
30065
48122
25116
6677
30056
29917
5218
34856
50576
10865
1783
42296
37351
29910
1780
29911
45652
24182
10856
40752
39767
26586
22625
25123
28981
20227
2704
22623
2714
31001
28989
30068
9163
32468
51546
26588
100
5205
27520
101
29082
51542
10855
35803
43261
30909
29922
29923
24191
50592
20236
10849
29092
30081
43249
18243
30083
32480
22637
30085
48148
26592
30922
22636
30911
51537
4258
31016
1764
33410
37377
10842
50597
1761
51531
29931
35810
50596
36369
20683
19254
42255
42256
19259
47156
37305
23180
20685
16756
23182
50539
23181
26522
27986
24127
6204
31465
27980
8603
8608
32400
36361
36362
8607
2775
34800
32403
34818
21633
5262
14345
16741
16743
16746
5269
141
7657
26533
47147
31471
52095
11847
33879
26536
28933
39721
34828
39723
37321
11837
21645
15798
5255
39728
14337
5257
14338
29043
29045
50566
50565
31489
24146
149
7648
30027
13396
50563
44680
10897
26549
14327
14328
40721
44662
34838
16725
19224
13389
11826
47160
42269
49565
50549
30031
49569
5234
48105
6699
33897
7637
48107
32436
40719
19214
34837
36394
34835
12354
38720
172
3755
17250
20641
6254
38727
8656
37789
38721
52053
52063
30481
44618
19646
44617
32880
47117
47115
35380
17242
23149
41262
27942
1356
1342
38732
184
17240
3747
6243
3749
43665
38733
8645
12345
6239
23157
8636
25552
51951
19635
49501
17231
30499
16299
37792
31431
19632
25558
19633
32899
1343
35392
16290
38742
33847
33846
38743
197
13790
16294
46192
5295
43697
36343
16297
28059
23160
20668
6232
44636
46198
51986
50524
51988
17228
25565
49537
21602
52083
21604
14723
41289
41288
49538
28066
19620
24104
28063
18687
20670
11381
38752
3722
21612
50502
48585
8620
7686
47121
3729
7689
38759
44628
51973
21618
25576
52072
18678
17216
49524
47129
8614
18672
1324
14713
8619
41299
17210
1321
2785
33856
14717
18675
30447
14799
32843
52017
27059
42690
26959
32849
7233
42693
42694
4738
9632
9633
7234
37745
37747
9637
14797
13335
45196
46132
47594
37737
47599
48530
15728
26967
19686
25500
18222
12390
2339
20606
32856
2321
8681
52004
52002
4724
26968
26969
42684
28009
9623
47584
45186
47585
18218
51070
46124
29473
47587
17279
12382
3780
46127
2326
48528
27070
3778
25519
31409
12373
12372
25516
27913
43650
25517
8676
4718
50998
52030
51099
13312
7217
9611
14774
10817
26982
48553
48552
26981
41245
24583
2319
27089
26988
25525
32865
25523
26984
1365
28027
1362
35373
12361
6262
14768
1360
17263
4702
51921
43642
51084
12369
38711
41257
41255
24593
38707
2306
25539
17257
35371
26998
34492
31995
24647
33031
33035
11465
35436
43720
16356
39389
40376
47683
47684
4778
3303
46209
4769
3306
32945
33045
9662
2364
33043
8205
33047
22261
40389
18740
47671
25600
4761
24665
43718
16340
23200
4765
33053
35452
27166
27165
51186
7259
28109
29561
51187
43742
13835
46241
41334
46242
16334
22275
43748
46244
40395
27175
30551
20716
34001
998
51177
9641
33068
27178
2340
33900
51179
52110
51174
36404
29574
42796
34008
9649
13821
46234
10489
48634
27187
32961
23224
28562
24604
22208
22207
51120
29502
32057
28568
12444
39343
21272
19738
47641
21278
45243
26170
21279
14838
23672
13891
28573
31960
26174
47629
36863
35400
19728
40346
32904
33002
11496
40342
21283
17328
46693
3340
46694
19723
13888
18780
18781
14821
14823
39358
49197
8241
17322
23684
23683
3339
508
31977
34473
30511
29525
2399
36875
11489
19716
34478
32916
33014
11484
40355
40354
37805
35409
13878
21292
35405
37800
3331
29528
46201
43705
47663
22235
23694
22231
51134
34481
5723
24637
5725
32086
34482
2386
17307
19704
10013
19709
11475
50192
40368
42751
40367
37815
10006
35415
47653
47654
511
16362
24642
22242
47658
12409
3325
5722
49151
21228
526
39308
46659
49154
26127
27589
15338
27588
1833
25189
33474
12831
38360
11897
14397
33467
14398
16793
32007
11892
42700
34406
9232
38365
22691
21237
21238
9223
27591
30984
40306
31082
15324
35884
26134
1821
1820
19286
31917
3383
44250
15322
34414
4324
50139
44253
8288
38377
6715
8279
23642
1818
9215
49178
50163
40316
35895
28545
31931
17711
41782
17713
32026
41788
35886
34426
23650
44288
4312
21256
549
51107
8268
9201
21258
49167
28559
9209
28556
16765
47608
31949
32047
41771
41773
36836
3368
44275
10407
42715
46677
50158
44279
21263
44212
45675
7719
44214
46611
30092
18711
2816
30931
25143
49114
31024
37383
49119
33425
16311
39786
39785
35827
29941
39782
48180
41724
51564
41726
44200
43268
20255
29950
2808
10475
18702
16303
33441
16307
22657
16309
2800
1879
31036
37394
12866
15364
35832
11401
30938
34894
6761
13806
13805
29954
6769
20264
39796
48196
9259
29960
22664
20267
15359
49137
27565
30954
31056
40794
25164
30948
1866
30947
12853
4356
50125
9250
6757
50127
20276
41748
38341
35847
51588
15350
41728
27570
22679
30960
49121
21211
48186
49125
27579
15348
35860
30968
1846
1845
25177
31067
28516
38351
4343
38353
38355
3
383
49
128
