3361
18600
5157
5158
11881
11884
11885
11886
5162
5167
11894
11896
11899
18624
18625
5180
18627
11906
11909
5188
11913
11920
5199
11922
18645
5200
18647
18649
11927
18651
5206
11931
5209
5212
18658
11936
11937
11942
18665
5223
18668
11947
11948
5224
11950
5226
18674
18675
11952
5227
18678
11957
11958
5228
5233
5236
11962
18685
18686
18687
18688
11965
11967
5238
5239
5240
5246
5247
5252
18697
18698
11975
5253
18701
18703
11981
18706
18707
18712
18718
11998
12000
5280
18725
12006
12007
18737
18740
18741
18742
5298
12022
12026
18749
5307
12030
5310
5311
12035
18759
5318
18763
18767
18768
5328
12052
18776
5332
5335
12060
18783
5341
12064
12066
18789
18790
18792
12070
12071
5351
18796
5353
18798
12076
18801
5358
18803
12081
5360
5364
12087
18812
12090
12091
18815
5368
5370
5375
12101
12102
12104
12106
12107
5387
12111
18838
18841
18844
12124
5405
5407
5410
12134
12137
18860
5415
5417
18863
5419
5420
12149
5428
12151
18874
12154
18877
18878
5433
5434
5435
12161
5442
12166
5444
18891
12172
18897
5455
18900
5459
18905
18907
5464
18910
5466
12190
12192
12193
5470
18917
5473
18923
18924
12204
18929
12207
18935
5491
18937
18938
12215
18940
5492
5494
5497
18944
5500
18947
12229
12232
18955
12233
5511
18960
5518
5520
18966
5522
12246
12248
12251
5530
18979
12258
5539
5543
5544
12267
18990
5546
18993
18994
12271
12274
12276
5554
5555
5557
19004
19006
5563
5566
5568
19014
19016
12294
12295
19020
12298
12299
12302
5582
5583
19030
12309
5586
5591
12315
5595
12324
12325
12327
5607
19054
5610
19056
19058
19060
19065
12343
12344
12345
5621
5623
19071
5635
12358
19081
12359
12365
5643
12369
12372
19100
12378
5658
5660
19105
12386
12392
19116
19120
12399
5679
5680
5683
5684
12407
19134
5690
12414
5691
5697
12420
19143
12422
5701
12427
19150
12429
19153
12433
5712
19157
5721
12446
12447
12448
12450
19173
12451
5728
19179
12457
5736
19183
12465
5745
5748
19196
19197
5754
19203
19205
5761
5763
12486
5766
19212
19214
12492
12493
12494
5770
5771
19220
5773
5776
19231
12509
5787
5789
12517
12518
5795
5796
5799
19246
5804
5808
5813
19264
12544
19267
5823
19269
19273
19274
5833
5836
5838
5840
5847
19292
12570
19294
5848
12574
19301
12584
12588
5868
19313
12592
12598
19321
5877
19323
19324
19325
12602
12604
5878
5880
5881
12610
12611
5888
5889
19336
5890
12617
19341
12622
12623
5900
5902
19350
12629
19352
12634
5916
5918
19363
19364
19366
5924
12647
12653
5934
12658
12660
12661
5941
19386
12667
12668
12670
12671
5950
19395
19397
12684
12686
19409
12687
19411
12688
5969
19414
19418
19419
12697
12699
5976
5982
5983
19428
12707
19430
5989
19435
12716
19439
5998
19443
5999
19445
12723
12724
12729
19452
19453
12731
12733
19456
19457
6009
6013
6014
19462
12747
6027
19473
12751
12753
12754
19478
12760
12761
6040
12766
12767
6046
19491
12769
6047
12774
19499
6056
6059
12782
6060
19506
6063
19509
19513
6072
12800
19523
19526
12804
12807
19531
6087
6089
6090
6091
12814
19544
12822
12826
19550
6108
6115
19561
19563
19564
6122
19567
12846
19575
12853
12855
12857
6139
6141
12867
19590
12868
12869
12870
6149
19595
6150
6152
12879
19604
19605
19608
19609
6166
19611
19612
19617
12895
6181
19627
12905
6186
6190
12913
19638
19640
6200
12925
19648
12927
12928
19651
6204
12934
12935
6212
19660
6217
12940
6218
12943
19673
12951
12953
6229
12955
19681
6239
12963
19690
19694
6251
19699
19701
19702
12988
6266
19713
12992
12993
19716
6269
6273
12998
12999
19727
6285
19730
6291
19737
6294
13020
6298
6299
6301
6303
13026
13028
6307
13030
13031
13033
13034
13035
19758
6311
19761
19762
13045
6323
13047
19776
19777
13056
13058
13060
19785
13067
19790
19794
13075
13080
13081
19810
6366
6369
6373
13096
6375
13102
19825
19826
6383
13109
13112
13113
6391
13117
19840
6395
13120
19843
6401
19846
19851
6409
19854
6411
13138
13139
6416
13143
19867
19868
13145
19875
13154
13155
6432
13157
19880
6433
13160
6438
13164
13165
6443
19889
6446
19891
19892
19893
6447
6448
19897
19898
19899
6461
19908
6464
13188
19911
19912
13189
19914
13190
6468
6473
19922
6480
6481
13205
13207
13209
13210
13211
6490
6491
13214
19938
13216
19940
13219
19942
6496
19944
13223
6500
6501
13227
13228
6505
13230
13233
13237
19964
19974
13254
6532
6534
19979
6536
6542
6545
13268
19991
13269
6548
19994
6552
13278
13283
13284
13285
6562
6565
20010
13291
20018
20019
13296
13297
6574
13301
6582
6583
13306
20031
20033
6589
6591
20036
13319
13325
13331
6609
20056
13338
13342
20066
6623
20070
6630
20075
13354
20079
13359
20082
13361
6637
6639
6641
20089
13367
6645
6646
20095
13373
6652
6653
13381
6659
13384
6662
20113
20114
6670
20117
13398
13399
20125
6683
13406
20129
13410
20133
13415
20140
6696
6697
20145
13423
13425
20153
13432
6709
6719
6721
0
6723
4
5
13450
20173
13452
9
10
20177
6731
6740
13464
6743
23
6745
6746
20192
20195
31
20198
13476
6755
6756
37
38
20206
6764
43
45
13489
49
13494
20219
56
13500
13502
59
6781
20227
13509
6790
6794
74
20241
13518
13521
20244
13523
20246
13524
6796
83
13528
13535
6813
94
13539
20262
97
98
101
20273
13552
6830
20276
20277
20278
13556
13559
6838
20283
118
119
120
121
20288
13562
6839
6843
6846
20293
20294
129
130
20297
20298
13573
134
135
20302
20303
13576
139
13579
13582
6864
20313
20314
20315
13591
13593
6873
153
20319
13597
13600
159
160
20327
163
164
20329
13608
167
6888
6890
13614
13615
20339
13617
175
20342
6899
20344
179
180
13622
13623
183
13626
185
13630
6901
188
13634
13635
6915
13638
20361
6917
6919
200
201
13644
13645
13647
6924
6928
207
208
13653
6930
13657
13658
6935
216
13660
6937
6939
222
13666
13669
229
13673
13677
6955
236
6958
6961
240
6962
245
246
13690
13692
249
6970
13696
254
255
6976
257
13702
6978
13704
6987
13712
6995
277
13721
281
286
287
288
7010
13734
291
294
7017
13740
7019
13742
7021
7022
7023
7024
13748
7026
7030
13757
320
13766
7045
7046
328
7050
13776
335
7059
339
7063
343
13787
345
346
13790
13793
354
355
13799
7079
7084
13808
365
7088
371
13815
7094
375
383
13827
7111
7116
7117
396
13848
13851
7129
13853
7131
412
413
13859
7138
7144
7145
7149
430
7153
439
440
7162
7163
13888
7167
13890
13893
451
13896
453
457
458
13903
13904
7181
468
470
7194
475
7197
7201
7202
13925
13928
488
13932
13933
7210
7213
494
498
13944
13949
7228
507
508
13956
13957
7236
13959
7238
519
13963
7245
13968
526
13970
13972
536
13982
7260
13985
13986
7265
544
13989
7267
7271
7276
7281
562
14006
7285
7287
14013
7291
14017
7295
14020
578
7301
7302
14027
14031
589
7323
603
606
14051
14052
7330
610
611
7333
617
14061
7340
620
622
14066
625
7347
7348
7353
634
635
14080
637
14082
642
7370
14093
650
7371
14096
7372
7375
7380
14105
14106
7383
7388
672
673
677
678
14123
7400
14126
7405
7406
685
14130
7407
7409
14133
14136
7415
7417
14140
14142
699
14143
14144
14145
14146
7422
7428
14152
710
711
14155
7437
14164
7443
7445
725
14170
7449
14172
14174
731
14178
14181
14186
14192
14194
7473
14197
14198
758
14203
760
14205
7481
14208
14209
771
14216
14219
776
777
778
7498
14224
781
14225
783
7500
786
789
14234
7512
14236
14238
14240
797
802
14246
7524
14254
812
7534
7537
818
14262
820
14263
14266
7542
7546
14269
831
14276
7554
14281
14285
7563
7564
845
14290
14300
14303
7582
14308
7587
866
14311
7590
870
871
872
14314
874
875
14320
7596
878
881
7612
891
14335
894
7621
14346
904
14348
7627
910
14354
912
14357
7639
14363
7644
925
926
14369
930
14374
14380
14381
942
14388
7668
948
14394
951
14400
961
962
14407
966
968
972
14421
14423
14425
983
985
988
7710
7711
7714
14437
994
14438
7715
14442
999
14443
1001
1002
7720
7722
7731
14455
14457
14458
14459
1021
14465
1025
1026
1027
14469
1030
7753
7759
14482
1039
1043
14488
7767
14493
1051
1052
14495
14499
7778
7784
14508
7789
7792
1071
14516
14517
1074
7794
1076
14521
7795
14523
7803
7805
7806
14532
14537
14541
7828
14554
1113
1115
1119
1120
1121
1123
1124
1126
7848
14572
1130
1132
1134
1135
14578
7856
1145
1147
14592
14593
1156
14601
7880
1163
7885
14611
1168
1169
1170
7889
7890
1174
1179
7901
1181
1182
1183
7902
7910
14637
1194
1195
1200
7922
1206
7928
14654
14655
14656
7932
7934
1218
14663
1222
14667
1232
7954
1235
1236
14679
1238
1239
14682
7957
7958
7959
7966
1246
7970
1249
7971
7973
7974
7978
1257
7982
14706
14707
7985
7986
1267
1268
14714
1271
14717
14719
14720
7998
14722
7999
8000
14725
8003
1286
8008
8009
8010
1290
14734
8011
14737
8019
14742
1299
1303
14749
1308
8031
1315
14759
8039
14764
8042
8043
1327
1329
1330
14773
1333
14777
14780
14781
14785
1346
8072
14799
1358
1359
14807
1364
1365
1367
8092
14817
1374
1376
1378
1379
14822
8103
8104
1383
1386
8110
1389
8113
1395
14843
14844
14845
1402
8122
8127
8128
8129
1408
8140
14864
14867
8148
1427
8150
8152
1431
8153
1434
1436
14887
1444
14891
8169
8172
1459
8183
1462
14915
8195
1475
1476
8200
1478
14922
1487
14931
1490
8213
1497
8223
8225
1504
1508
8237
14963
14966
1523
14967
14969
8248
1527
8250
1535
14982
8261
1542
8265
1545
14991
1550
1551
14996
15000
15001
8283
15007
1564
8288
15012
1570
8293
1572
1573
1578
15022
15027
8308
8310
8311
1590
8316
8318
8321
1600
8323
1601
8325
15044
15050
1609
15053
15060
1623
8346
1624
8348
8349
1627
8351
8353
1631
1635
1636
8359
8361
15085
15087
8368
1646
1648
1651
15096
8375
1655
8380
8381
15102
8383
15108
1668
15119
1678
1679
8409
8412
1691
1692
8415
8416
15138
15141
8421
15145
1703
8427
8430
8436
1714
1716
15161
8444
1722
1726
8454
1734
1739
1741
15185
8467
15189
15190
15191
15192
8472
8474
1753
1754
15196
15200
8479
1757
1759
15201
15203
8484
1762
1764
8487
15204
15208
15213
8492
1774
8497
15219
8499
8500
15220
1780
15222
15226
15228
8507
15231
15232
8521
15243
8523
1802
1803
1804
8527
8528
1805
8530
15250
1810
15252
15256
1814
8539
1817
8541
1820
15263
1822
8547
15271
1830
8556
8558
8559
15280
1839
1840
15282
15288
15289
15291
1849
15293
1852
1858
8582
1862
15308
15309
1866
15311
15312
1870
15315
1872
8595
15323
15325
1882
8611
8612
8615
8617
1895
1898
1899
1902
8625
15349
8628
1906
15352
1909
8632
1912
8635
1913
1914
8638
15361
8640
15362
8642
1921
15365
15367
15368
1925
1931
8655
15378
1935
15380
8659
1938
15388
8675
1953
1954
1956
15401
1959
8685
15409
8689
1975
15420
1978
1979
15425
1983
8708
15430
15433
8712
8713
15435
1993
1996
8720
8722
8723
2003
8726
8730
15452
15453
8733
15456
15457
8736
8737
2015
2017
15460
8741
15461
15463
8745
15467
15471
15475
15476
2033
15477
15479
2036
8761
2039
2040
15486
2043
8767
8768
15492
15494
8778
2061
8784
8785
8787
15509
8799
8801
15523
8803
2083
2085
8810
8814
8815
8817
2095
2097
8820
2100
15548
15549
8829
8830
2109
15553
8846
2125
15570
2128
8851
15573
2135
8858
15581
8860
8861
15584
8863
8868
8875
8876
2156
2160
2162
8887
2165
2167
15609
2169
15612
8894
8895
8896
15618
15624
8905
8906
2183
8908
8912
8913
15638
2195
2196
2197
2198
8921
2199
15643
8925
2211
8935
8936
2216
8941
8942
2220
8945
2229
2231
15681
2238
2241
8969
15695
2257
15703
15705
2263
15708
2265
15709
2268
15712
15715
2273
2285
15729
2287
15732
15734
2292
15740
2299
15743
15745
15746
9028
2306
15752
2309
2311
15756
15759
9044
15767
15775
15780
2337
2338
9061
9062
15784
9064
2342
15786
2345
15790
2347
2350
2351
15796
9075
9076
9077
2353
2354
2359
2360
9083
15804
9086
2366
15811
15812
2369
15813
15815
2377
9101
9102
9104
9105
2382
2383
9116
9118
15845
15846
15848
9130
9131
2408
9133
15857
2415
15863
9144
15869
2431
2432
2435
15884
9164
15890
9173
2453
9178
15900
9180
2460
2468
9193
2472
15919
15922
15924
15925
15926
15934
15936
15939
9220
2502
15947
2504
15948
9228
2508
2509
9236
15958
2516
9239
9240
2518
15959
15961
2522
2523
2524
15963
9248
2527
15975
9255
15977
9258
9260
9262
2540
15986
2545
2546
2549
2550
9273
15999
9280
2564
9288
2567
9294
16016
16024
9305
16027
16029
9313
2593
16038
16040
16041
2599
9323
2604
2606
9330
2608
9333
2611
16057
16058
16063
16064
2622
2624
16068
2630
2632
9355
2634
16077
16079
2638
9362
2642
16086
16087
2645
9370
2650
16094
2654
9379
2658
16102
2665
2668
2669
16113
16114
2673
16118
9398
16121
2679
2680
9403
2681
2682
9406
16123
16132
9422
2704
16148
2707
16152
2712
2713
2714
16158
9439
16164
16165
2723
9449
9450
2727
16174
16175
16178
16181
16182
16183
16187
2744
9467
9469
9470
9472
2750
2754
16199
16200
9480
16202
9485
16209
2766
9489
2769
9492
16216
9496
2775
16219
16227
16230
16232
16236
2793
9517
9519
16248
2805
9528
2808
2811
16255
9538
2817
9541
16264
9543
9550
16277
16280
9561
9562
2849
2851
9577
2856
16303
9582
16306
2863
9586
9588
16314
16315
9594
2872
2874
2875
16316
2877
16322
2879
9602
2881
16324
16327
2887
9611
16334
2895
16340
16341
9620
16343
2900
9623
9625
16349
2907
9630
2908
16351
16352
16354
9648
16371
9650
2930
16377
9656
9657
2937
16384
9664
16389
9669
16392
16397
16398
16403
9683
16408
9687
2966
2967
16412
16413
9690
9692
2968
2970
2972
9697
16421
2977
16424
2981
9705
2983
2985
16432
16433
16435
9714
16437
2991
9717
2992
16442
9720
3001
9725
9726
3004
3006
9731
16455
9734
3011
9736
9742
9743
3023
16470
3028
9751
3030
9756
9757
3034
16482
9760
3042
3044
3046
9770
3048
9772
16495
9774
9778
9779
16508
3067
16513
16514
9791
9794
3070
16518
3072
16520
3073
16523
3079
3080
3089
3090
9814
16538
9816
16540
9817
9819
9821
3094
16545
9826
3105
3106
3110
16556
16567
3123
3127
9850
9852
9853
3130
16579
9857
3136
3139
3140
9865
16588
3144
3148
9873
9876
3158
3160
16611
3168
16613
9893
16616
9894
9896
3176
9899
3179
9903
3181
9907
16637
9922
16645
9923
9924
16648
3205
9929
3210
16656
9934
16661
16664
9942
9944
16667
3224
16674
16680
3237
16682
9960
9964
16687
9968
3249
16699
16703
9981
16705
16707
16714
9999
3278
16730
3286
10011
3290
3291
10014
16737
10016
10023
16746
3306
10030
3310
10037
16761
16763
3321
3324
16769
10048
3331
10057
3338
3339
16784
3341
10066
16789
16791
10069
10071
3348
16795
16801
16802
10079
10081
10083
16808
16809
16810
10086
3364
16815
10093
16817
10094
3374
10098
3376
16824
10102
16830
16833
10111
3390
16836
10119
10122
3402
3404
10128
10135
16858
16859
3419
10144
10145
3423
3427
16874
16875
3433
3434
16881
3438
3440
10163
3442
10167
16891
3457
16902
10184
3462
3464
10189
3467
3469
3471
16917
16920
16921
16922
10199
3476
16925
10204
3483
16928
3484
10214
10218
16943
10223
16948
3505
10230
3509
16958
10240
16965
16966
16967
10244
10245
16970
3523
16973
10252
3531
3532
16980
10258
3539
3542
3543
10268
3554
10278
3563
17008
10287
17011
10289
10292
3573
17019
17020
10297
10300
3576
3580
10309
17032
10310
10316
3594
17040
10318
17043
10327
17050
10329
3607
10334
17058
10336
10337
10339
10340
3614
17064
10343
10344
3621
17071
17074
3631
17078
10359
3637
3639
10364
17087
17088
17094
10372
17096
3650
17100
10382
3661
3662
17107
3663
17111
3673
17122
17124
17128
10406
17132
3689
17134
3691
17140
17141
3699
17144
3701
3703
3704
3705
17151
10432
3710
17158
3715
10439
17162
10440
3727
3728
3730
17175
3733
10456
17179
17180
10457
10458
3735
3739
17191
10469
17193
10471
17195
3750
17197
17200
10479
10482
3761
17206
10484
3766
17211
10490
10497
3776
3777
17224
3780
10505
3784
10507
17232
3788
10513
17236
10515
3791
3793
10520
3800
17246
17248
3804
3805
3806
3808
10532
3811
17256
17258
3814
10539
10547
10548
17272
10553
17277
3834
17280
10561
3842
10569
3849
17294
10572
17298
17299
3857
3862
17308
17309
3864
3865
17316
17317
10599
17322
10600
17324
3877
3878
3883
17328
10609
17333
10612
17336
10617
3895
10622
10624
10625
3904
10628
3910
10634
3913
17358
10637
17364
10646
17374
3930
17376
3933
3936
10661
10662
3940
10666
10667
10668
10671
3950
17395
10676
10677
17401
3963
10686
3966
17417
10696
3973
10698
17424
10705
10707
3986
10709
3987
17437
3996
10720
10721
10724
17447
10725
17449
10726
17451
4005
4010
10733
17456
17457
10735
17460
17461
10738
10739
10741
4017
4021
17467
10745
17469
10750
10753
4034
10757
4040
10766
17489
10768
17491
17492
10769
17494
10773
10774
4045
10783
4061
17507
4063
17509
10787
10789
4064
17513
4067
17517
10795
17519
17520
17521
10803
10806
10808
10809
4090
4091
10814
17538
10816
17540
4097
10822
10823
10824
4102
17549
4108
17557
4113
17560
4117
10840
10843
4124
17569
10847
10848
17572
17574
10858
10860
10863
4142
10870
17593
4153
10877
17600
10881
4164
4168
17613
10895
10898
17621
4178
4179
17624
17626
10905
17628
4182
17630
4185
17633
17637
10915
10916
17640
4193
10920
4197
4199
10928
17653
4209
10936
17661
10939
4219
4225
10952
17676
17680
17681
4238
17683
17685
4243
10966
10969
4250
10973
10977
10978
10985
17708
17709
10987
10989
17713
17714
17715
4270
17718
11000
11001
11002
17726
4289
17736
17737
4292
4294
4295
17741
11022
11023
4300
4304
17750
11030
11031
17754
11036
17760
11038
11042
11043
4322
11052
17776
17777
17778
11055
4334
11059
17782
11060
11065
11071
11073
4351
4356
11079
11083
4361
17808
17813
17815
11096
17824
17825
4389
4390
11130
11133
17856
17857
11139
11141
17865
4422
17868
11146
4426
4427
4429
11152
4431
11157
4436
17886
11164
11166
4442
4443
4444
11170
4449
11173
4452
11175
11176
17900
11184
4463
17908
11186
11190
4468
4470
17915
11194
4476
4477
11200
11204
11205
4483
17931
17932
11209
11212
11213
17937
11218
4498
4499
17946
11226
11228
11229
4508
17953
17955
4511
4512
4518
11244
11247
11251
17974
4531
17977
17980
17983
11262
17985
11263
11265
4540
17992
11270
4552
17997
17998
4555
11279
4557
4559
4560
4563
11286
11291
11294
4572
18018
11299
4578
11302
11303
4583
18035
18036
11315
11316
11322
4600
11331
4609
11333
4610
11336
4616
18062
4620
4627
18072
11350
11356
4636
18082
11361
4639
11363
18086
4640
11368
4647
18092
4653
11378
18103
11383
18110
4667
11391
4670
4673
11396
18119
18122
4679
4683
11407
4685
18131
11416
11419
4699
4700
4703
18152
11431
18155
18156
4712
11437
4717
18173
18174
18175
18176
11455
4735
18181
4738
11463
11464
18187
11470
11473
11474
11475
4752
18199
11478
11482
11488
11495
11497
18220
18221
11500
11501
11502
4777
11504
18227
18228
11508
18231
4792
11516
11520
4799
4802
18248
18249
18251
4807
18255
18257
4813
4814
18261
18263
4820
18266
11544
18268
4823
4824
4827
4829
4830
18277
4837
11560
18287
18290
18294
18296
4853
18298
11578
4868
4869
18316
18318
4878
11603
4883
18331
18333
18335
11617
18340
11618
11620
4896
4899
18346
4910
4912
18358
4920
4922
11645
18368
18369
18371
11652
11653
11654
4936
11659
11663
11665
18389
18395
4953
18409
4965
4967
4968
4970
18419
18421
4977
18423
4982
11705
18428
4984
18432
11711
4991
18436
4993
11727
11728
18451
18453
5009
18456
5012
11737
18461
11739
18463
5025
5026
11750
11752
5031
18477
11758
5041
5044
11767
5045
18497
18499
5055
18503
11786
18509
5069
18515
5072
18520
18521
11802
5081
18528
18530
5086
5089
11813
18538
11821
18544
5104
11828
11829
18552
5110
5113
11836
11837
5114
18563
11841
11848
18575
5132
5134
18581
11862
11863
5142
18587
11865
5143
11869
11872
5151
9
14
302
251
237
111
167
294
185
120
