687
2
1027
1028
1029
1030
7
1033
1034
11
1036
16
19
1044
1045
1047
26
28
1052
30
1054
1055
32
33
1057
1058
1060
38
39
1064
41
1065
42
1066
43
45
1071
48
49
50
1074
1075
1076
54
1078
55
58
1082
1083
60
1084
61
1085
62
63
1088
65
1089
67
72
73
74
75
78
1104
81
1105
82
84
1108
85
90
92
99
100
1124
1126
103
1127
1128
105
1130
108
1133
110
111
1137
114
1140
118
1143
120
1144
1145
1146
1147
124
1148
1149
1150
129
130
1156
1160
1162
1163
1164
1166
1167
1168
1171
149
1173
151
1175
152
1176
1178
155
1182
1184
1185
1186
163
165
167
1192
1193
1194
174
179
1204
181
1206
183
184
1208
187
1214
1215
196
197
1221
1222
200
201
1226
205
206
1230
207
208
1234
211
1235
1237
216
217
219
1245
222
1248
1249
1250
229
1254
231
1260
240
241
1267
1268
1269
246
1270
247
248
249
1274
252
253
1278
255
256
1280
258
261
262
1287
268
271
274
275
276
280
1305
1306
283
1307
1308
1310
1311
288
1312
290
1316
294
1318
295
1319
296
297
299
1324
304
1328
1329
307
308
309
1333
310
312
313
1337
314
318
320
1344
323
324
1348
326
1350
328
330
332
333
1357
1360
337
1366
347
1371
348
1376
353
1377
1378
1382
360
1384
361
1386
363
364
367
369
370
371
372
1397
375
1399
1402
379
1407
386
388
1413
390
391
392
393
394
395
396
1421
1424
402
1426
1427
1428
405
409
411
1436
414
1438
416
418
421
1445
422
1446
423
1447
1450
427
429
1455
1456
1458
435
1459
1460
439
1465
1467
447
449
1473
451
1476
1478
1479
1480
457
1482
461
1486
1487
1488
1490
467
1491
1492
1494
471
472
473
1497
474
1498
475
1500
477
479
480
481
483
1510
488
1513
491
1517
496
1520
498
1522
499
501
503
1529
506
1530
508
509
510
1534
513
1537
514
1538
1541
520
523
526
527
1551
528
529
1554
1555
1556
533
534
535
1559
536
1561
538
540
541
1565
1566
543
544
547
1571
548
1573
552
1576
1578
556
559
1584
562
1586
563
564
1589
1591
1593
570
1594
571
573
575
1600
577
1601
1602
1603
580
583
584
1608
585
1609
586
1610
590
1614
595
596
597
1621
598
599
1623
601
1626
1629
1630
1631
608
1635
614
1639
616
1641
1644
1646
1647
1648
625
626
627
1652
629
630
1654
632
1656
1659
636
638
642
643
1667
1669
646
647
1671
649
650
1675
1677
654
656
1680
658
659
1683
661
662
1687
1688
666
667
668
1693
670
671
672
674
675
677
680
1704
681
1705
1706
687
1715
692
1716
693
1718
695
1720
701
1725
702
1726
1728
707
710
1735
712
1737
1739
718
1742
720
1746
1747
1748
1749
726
1750
1751
728
729
1753
1755
1757
1758
1760
737
1761
738
1764
1766
743
1767
744
745
747
1772
1773
750
1776
1777
755
1781
1784
761
762
1790
769
772
1797
776
1800
777
1802
1803
1804
781
1806
784
791
1817
1819
1821
798
1824
802
1827
806
809
810
1834
811
1835
813
1838
818
1842
819
1843
822
823
827
1852
829
834
835
836
839
1863
1864
1869
846
847
849
850
1874
852
1877
854
1878
855
859
1883
1884
865
866
869
870
1897
875
877
879
880
1904
1907
1909
1910
888
890
891
892
1916
1918
895
896
897
1921
898
901
1928
906
908
1932
911
1936
914
1938
916
1940
919
920
1944
921
1946
923
924
1948
929
931
934
939
940
948
949
953
954
955
957
961
962
968
969
972
973
975
979
980
981
982
984
985
986
990
1000
1001
1005
1007
1008
1010
1015
1017
1019
1022
33
130
67
131
133
6
142
16
17
147
20
21
151
26
90
91
155
28
93
95
159
33
39
105
107
113
51
52
117
118
119
57
58
127
