6697
25221
38615
38614
11824
11823
38611
11822
38609
11817
25209
11813
25206
11807
25201
38584
25185
25184
11783
25176
25175
11776
25168
38561
25165
11770
38556
11764
11761
25155
11759
11753
11750
25142
11747
11745
11738
38526
38521
11729
11728
25123
25122
25120
11725
38512
11721
11720
11719
38504
38503
11712
25105
11710
11708
25096
25090
25088
38477
11688
11686
38472
38469
11676
25069
38461
11670
38458
25063
25060
25059
11663
11662
38448
11658
11653
38438
38437
11647
25040
38434
25032
11632
25024
11629
25022
38414
25008
38401
25002
11605
11604
11600
24992
11597
24989
11594
11592
24983
38376
11584
24979
38372
38366
11573
24968
24967
11572
24961
11564
11562
24954
24950
11552
24946
24938
38327
38325
11535
38323
11531
11528
11525
24918
11519
11517
38302
24904
11501
24895
11499
11495
38277
11488
38275
38274
11481
24874
11476
11475
24869
24867
38258
24861
11456
24848
38242
24847
38240
11448
24838
24837
38230
11432
11427
11422
24816
38210
24812
38208
38207
38206
38204
11412
11411
38195
24799
24796
11400
11395
24789
24787
11386
38174
24777
11379
38161
11372
11371
11368
11359
24752
24747
11349
11346
38131
11336
11335
24730
38124
38123
11330
24724
24720
11320
38104
11313
38101
38099
38098
38093
11300
38082
11291
24685
24684
24682
24673
11273
38061
11267
24661
11265
38049
24651
11253
11252
24643
38037
38034
24635
38028
38027
24632
38024
38020
24623
24621
24620
11221
38009
38002
11213
37999
37997
24601
24599
24596
11201
37986
37980
11190
11185
37970
37967
24570
24568
37962
11173
11170
37959
11169
11167
37956
37955
24556
37950
37948
24550
24548
37937
11144
24533
37927
24531
24527
11130
37917
24520
11124
11123
24517
24516
24514
24513
37904
37901
11109
37897
11107
24494
11098
37883
24486
37880
24479
37873
24476
37870
37867
37865
11076
24465
11069
24463
24457
37851
11061
24450
11054
11052
24441
11043
24437
24435
24432
11035
37818
11029
37811
11008
37796
11002
11001
24396
37790
11000
24394
10999
37775
10986
10974
37762
37761
37757
24352
37735
10938
10936
10933
37721
10928
24322
24321
24317
10922
10920
24314
10919
37705
37701
24306
10906
24299
37693
37692
37690
24285
24283
10887
24280
37674
10884
24273
37667
10876
37657
24262
24259
24257
37650
37649
10855
10852
24242
37636
37634
10844
37631
10837
10833
24227
24224
24219
10824
24215
37608
24210
24209
24207
24198
37591
24196
10799
10797
10793
10792
10788
10780
37563
10774
24167
10771
24165
10770
24160
24158
24157
37551
37549
10756
10752
24145
10749
24143
24142
37532
10740
10736
24131
37525
24130
37522
24124
24121
24119
37514
24117
37512
37511
24115
37507
10710
24104
10708
37496
24094
10699
24092
37482
37477
37463
10674
37460
24064
10669
24061
37455
37448
10659
37446
10657
24045
37437
24037
10639
10632
24026
10629
24022
24021
10623
10622
24016
37410
37409
37405
24010
10615
24005
24002
10602
37389
23993
37386
37382
10591
23985
37379
23982
10587
23979
23971
37364
37361
37359
37356
10566
23960
10562
23955
37349
23954
37341
10550
23939
23938
10540
37328
37322
37315
23920
23919
23914
23913
37306
23909
10512
37300
10506
37295
10505
23898
37292
23895
10500
10492
10489
23883
37275
37273
23878
23875
10474
37262
10471
37259
37258
37255
10461
10460
10456
10455
10452
23844
23840
37234
37233
10441
23831
37220
23825
10430
10426
37215
23820
10424
23818
37211
23815
10417
37207
10414
37205
23810
23809
37202
10413
23805
10410
23799
23796
23794
37185
23787
37180
10390
37177
37171
37169
23768
23765
23762
37156
37155
23760
37147
37139
23742
37136
23735
23733
10337
37121
23725
10330
10329
23722
10327
37110
37107
23710
23709
10311
10304
37092
37091
10302
23695
10300
23693
23689
10289
10288
23682
37075
23679
10284
10280
23671
10274
23668
23666
23663
23662
23656
23655
23645
37039
10250
37033
37031
10236
23627
23617
37011
23614
23612
23610
10213
23606
23602
23599
36990
36986
23591
36984
36983
36981
23585
36979
10189
10186
10182
23574
36968
23573
23572
23571
10176
36959
23563
36954
10163
10162
23554
36948
23553
10157
23551
23535
36928
10134
23521
36915
23520
10125
23514
10117
23510
10113
23507
36900
23502
23501
36893
23497
36891
10102
36883
23481
10086
36873
36866
23471
23469
23465
10070
36854
23459
10063
23456
23453
10051
36840
36839
10046
10044
23436
23434
23433
36827
10029
23419
23414
36808
36802
23403
23400
23398
10002
23396
9999
36784
9994
9990
9983
36769
36768
9975
9974
36758
9964
9963
9962
23355
23348
36741
23341
23338
9942
9937
36723
9934
23327
23318
23317
23315
36709
23312
9914
9911
9908
23302
36696
9904
23298
9903
9902
9898
9896
23292
36685
23290
23288
23285
23283
9884
23277
36668
23271
36662
23267
9868
36653
9861
23246
36636
36635
36634
36629
23230
9829
23224
36618
23223
23222
9823
36610
36607
36606
36603
23208
23203
9805
36593
49986
36588
49982
36585
9796
23189
23188
9793
49970
9785
23180
36573
9783
36570
36569
49962
9774
23166
49955
49954
49950
9758
36545
49937
49936
36540
23141
23139
49927
9744
23137
23135
49921
9735
36522
23127
23126
9730
49910
36515
23120
23119
36508
23113
23108
23107
36502
49895
36500
9711
23102
9704
49886
23096
49884
9701
9695
36483
23085
49875
36480
49873
9689
36477
36476
9686
49867
9682
49864
9681
36468
36467
23071
36462
23067
49854
23065
23064
49845
23049
9652
36441
36440
23045
36433
9643
49824
49823
23033
9634
49815
36420
9631
9627
49808
49802
9617
9615
36401
49793
9610
49790
22996
36389
9597
9596
36384
49778
36383
22987
36381
22984
22983
36376
36374
49765
9582
49762
36363
36362
49754
9568
22953
22951
49739
22950
9555
9554
22943
22942
49729
36333
9544
36329
36327
36326
36323
49716
9530
36317
36316
49706
9522
9518
9514
22910
49697
49696
36301
49691
9507
9503
36292
49685
49683
22892
9491
36278
36277
49669
36273
49667
49665
22876
9471
22863
36252
49645
36248
9457
22850
49637
49631
9445
9443
9440
9437
9433
36221
9428
22821
49609
9426
22817
9421
36209
36207
22811
22809
36201
36200
49595
49594
36197
49591
36192
22795
49579
49578
49577
22788
9391
49574
36179
36177
9382
22779
36172
36171
22776
9381
22773
22769
49555
36157
36156
9366
49548
36152
9359
9355
9351
22744
9345
36133
36131
49524
49521
49519
9334
9331
9327
49512
22723
9325
36115
36113
36112
49506
9323
22715
22712
36104
9307
36096
22701
49485
49483
22692
36085
49477
9291
22684
49472
9284
22681
22680
49468
36073
22678
9283
22676
9280
22672
49458
22666
36060
9271
36057
36056
9265
36053
9263
22655
49443
22654
9259
49437
36041
49433
36036
36035
49429
49424
49423
49422
22632
36026
22625
22624
49409
49407
22615
36009
49400
22611
22609
9214
9213
22604
22603
35997
35996
35994
9203
49386
9199
22592
49383
35988
35987
35986
9195
35984
35982
49376
9192
35980
35979
35978
22583
9185
22578
49366
35968
22571
9176
9175
35960
9171
35958
49346
22550
9154
9153
9142
49324
49322
9135
9132
22529
49317
22524
35920
49314
49313
35918
22522
22521
49309
49308
49302
22512
22509
49297
49295
9104
9102
35897
35896
22501
9100
22499
22498
22493
22491
35889
35888
49281
49280
49279
35884
9094
35882
49269
22478
49267
22477
49265
22476
22471
35864
35863
22468
22463
49251
22461
22460
9062
49242
9059
9056
9055
35839
49231
49230
9044
49228
35833
35831
49225
22436
49221
49216
35818
9025
22417
9019
9017
35805
9015
9013
9012
49192
49191
22401
9004
22395
35788
8999
22390
22388
22387
49173
35777
22382
49169
22379
35773
22378
8983
49162
22371
8976
22366
22365
35758
49152
35756
35755
8962
35745
49134
8953
8952
22346
49131
8948
8947
35734
8945
8943
35731
49120
22334
35727
8938
22330
35722
8933
49113
8928
49108
8921
35710
8920
22314
49097
8913
22306
49089
35695
22293
8898
8895
49076
49073
49069
35677
8888
35675
8880
49056
22269
49055
8873
8871
22265
8870
35655
22259
35649
8858
22250
35641
35637
35633
35632
49023
8842
35629
22234
49019
8836
35618
22221
49008
8824
22218
22215
35609
8820
22213
22212
8814
48993
22204
35598
22203
22200
8805
8798
48977
48976
8794
8793
22184
48971
35574
48967
48966
35571
48962
48961
8780
35567
35565
8775
22169
22164
48945
8760
22154
22152
48933
48932
35539
22144
8748
48928
35534
48927
48921
8738
8734
48915
8731
35514
48905
8722
35507
35506
48899
8716
22108
48885
48883
48881
22097
48880
48876
8697
35487
35486
8696
35484
22088
22087
35481
8691
48872
35472
8682
22076
35469
8679
22071
35462
35461
8669
22062
35456
35454
35451
48842
35448
48840
8658
8654
22047
22045
35437
48829
8646
48826
35431
48821
8637
8635
48814
48813
8631
35417
35415
8624
22016
8621
22014
48796
22012
22011
35404
8613
22008
35401
35400
22004
35395
8603
21996
35385
35383
21988
35377
8588
8586
35373
21978
35371
48759
35366
21971
35363
21968
21966
35360
21965
48752
48750
35356
35355
21960
35353
8563
21953
8557
35345
35344
48732
35340
35339
8550
35337
8545
48724
21932
35327
35326
48714
48711
21923
35317
35316
8519
35305
48696
21907
35298
48691
48690
8504
48680
8499
35286
48677
21889
8493
35281
8492
8488
48664
21879
21877
35271
35270
8480
48659
35265
21866
48653
21864
48647
48646
8465
35252
21855
35248
48641
48637
8454
21848
8451
48624
21840
35233
48619
8443
35230
21835
8440
48618
35226
8437
35224
35223
48615
21825
48606
48594
8411
35199
21802
21799
35190
48579
35185
21787
35181
48574
8391
8389
48563
48562
8377
48551
21763
21758
8363
21750
21748
35141
8352
48523
8340
21734
21733
8336
8334
48513
8327
35107
48496
8314
48494
8310
8304
48482
48479
48478
48477
8297
8295
35083
21687
35080
8289
48470
35075
48466
8284
21677
48462
35063
21667
48452
21662
21660
48444
35048
21653
8255
8253
21646
21641
35034
8244
21634
8234
48413
48410
48408
35014
35013
48406
8222
35009
21614
48401
48400
21610
21609
8214
48389
8209
34996
48388
34994
48386
34992
48384
48381
8198
34984
34982
21586
21585
48372
34977
34976
8186
34966
34964
48356
8172
8171
48349
8166
21559
34950
34949
34947
8157
48336
34943
8154
48335
48332
21542
34933
21536
21531
48318
21528
21527
34918
34915
21519
21518
48304
34910
8120
34908
21513
48299
8116
21510
48295
48293
8105
34892
48279
48278
34883
21484
48264
8082
48261
8078
34866
48254
48252
8070
21464
48251
8067
21455
48240
34846
21446
21442
48225
48223
21436
21435
8039
8035
34819
8028
48208
34814
48206
21418
48204
48201
8016
34802
48192
48188
8008
8007
21400
8002
8000
34786
48179
21390
21387
34780
48172
7988
21382
21378
21375
48159
7977
7976
34764
21368
7973
34760
34759
7969
21361
48147
48141
7962
7961
7960
21354
34748
7959
48137
34739
34738
7948
21341
48123
21335
7940
7938
34725
7936
21329
48116
7931
21326
21325
7924
34712
48105
48104
7919
34708
21313
34706
21311
34703
34702
48095
34700
48093
34697
34696
34695
48084
7904
7902
21296
21290
7890
48066
21280
7885
21278
21277
48056
7876
34666
21271
21270
21269
34662
34660
21264
21262
21259
34653
21258
21256
7858
7856
48037
21247
21246
7851
48029
21238
48025
34629
7840
7834
21228
34622
21224
7829
34616
21215
34604
47994
47992
47991
34596
34589
47979
34583
7790
34577
47970
7786
7785
7779
47953
21166
21165
7769
34554
34553
7761
34548
34543
34542
21138
7742
7738
7737
34525
47918
47914
7734
7733
7732
47912
21122
34505
7715
21109
47891
34496
47886
21095
21094
7698
34486
21091
21090
47873
21086
34480
7691
47870
7686
21080
47866
7684
21077
21069
21067
21066
34459
21062
34454
7665
7660
21055
34448
47839
7658
21051
47838
7654
34442
34438
34437
47827
34433
47825
21035
7639
47818
7634
21028
47814
47813
7630
47810
47807
47805
7624
7623
7618
21012
7617
20997
47780
34386
47776
20989
34383
20988
34381
47771
34376
20979
34371
47760
20973
47758
7577
7576
20967
47754
47749
7567
47748
34353
7563
47742
7560
47739
7557
20947
7551
20944
34338
47729
47724
20936
20935
34329
20934
7538
7535
20929
34322
20927
7530
47708
7524
7523
7522
7521
34308
47701
47700
47695
47694
34303
47693
47692
47691
34299
34298
20903
34286
7497
34279
20883
20882
7482
20872
20870
34264
20869
47655
7473
20864
20863
47647
47646
34252
47643
47639
47638
7454
34244
20847
34242
34241
47632
7449
34238
34237
47628
20840
20839
20837
34232
34231
20834
47621
20831
7436
20828
20825
34217
7427
34215
47608
7423
34211
47602
20813
34206
20811
7415
7413
47593
47591
20804
47590
7408
34195
7404
47581
7400
34187
20791
7396
7394
7393
20786
47571
20783
34177
7385
20781
20780
20779
47566
47560
7376
47552
20761
20760
47546
7363
7362
7361
20749
7354
7351
34139
34138
20742
7345
34130
47522
7340
7339
20732
47514
7332
20725
7329
47510
7326
20720
34113
7324
7321
20713
47498
20709
34103
7309
7308
20702
47488
34094
47486
7303
34091
20694
7295
20688
47475
7291
47467
7285
7284
34072
47465
47460
34065
7276
7271
20666
34060
34059
47451
20661
20659
7264
47442
34047
47436
7255
47435
20647
47431
47425
47422
20637
34030
20632
34028
34027
34026
47416
7234
20627
7231
47410
7226
20622
34015
7225
34013
47404
20609
47395
47394
7210
33998
47391
20602
47386
7203
33990
20595
33987
33986
33981
7191
7190
47366
7183
7182
20576
47363
47359
47357
47355
7174
20567
47354
7171
47350
7169
33956
33953
33950
47340
20553
20551
33945
7155
47329
33936
47328
33934
33931
20535
47320
47319
47316
7128
47304
7126
33913
20518
20517
7121
20515
47300
20513
33906
7116
7115
47295
20507
20506
20500
33884
47276
7089
20483
7087
47266
7084
7083
20477
7081
20475
47258
7079
7078
7077
33864
33863
33855
33854
47247
47246
33850
7060
33845
33843
33840
33839
47231
7047
20442
20441
20440
47226
7041
20435
47220
7038
20428
7033
20426
47211
33817
7024
33807
47200
47198
7016
7013
7011
7010
33800
7009
20404
33797
20399
20398
33786
33785
6995
20388
20379
47162
47160
47159
33767
33766
6975
6974
6973
33762
33761
20365
20364
20363
33757
33756
33753
20348
20346
6950
6944
33731
20334
47119
33725
20325
33714
47104
6921
20314
6913
20308
20307
47091
33694
47084
6904
6902
20296
6901
33688
20292
47078
20287
6888
33676
33673
33670
47063
20273
6877
20265
20264
47051
6867
20260
33652
47044
33650
20254
6853
20246
6851
20244
47029
47021
33634
33633
20238
33631
6840
20233
33628
33627
20223
20222
33616
20218
33611
46997
33604
33603
6813
20207
46992
46991
6809
46974
46973
6803
20198
6800
6799
20195
6793
6791
6790
33585
33584
20189
20187
20185
33580
33579
20184
33576
33575
33574
20179
6784
6779
20172
20166
6770
46947
6763
20157
33550
33543
33542
20147
20146
6747
46926
33532
20135
6740
46920
20131
6734
20119
33513
6722
20116
33507
20112
46899
46896
6713
46893
20103
46890
46888
20099
33493
20097
33490
46883
6699
33487
33485
46878
20088
33481
46873
33479
33478
46871
6688
20081
20080
20070
20069
6668
33453
20058
20054
46839
20052
46837
46836
20049
46833
20047
6652
20045
46832
6649
6643
6642
33430
33428
46816
6636
20030
20028
33422
6630
46809
20021
6625
20018
46800
33406
20011
46797
46795
6610
20002
33396
46788
20000
46783
19998
46779
6602
19995
46778
6599
6594
6592
6591
19989
19987
33381
19986
6590
19984
6587
19980
46764
33370
6579
19973
19971
6574
19968
33361
19965
46749
19963
6567
6566
33354
46746
46745
6560
19954
19950
19948
46733
19946
46732
33338
46730
33335
46726
19937
46723
6540
19932
33315
19920
19915
19913
6517
19911
46696
33301
33299
46690
33296
46676
6505
33293
46675
19895
33290
33289
6500
46674
6496
33285
6495
33283
6491
19887
19886
19884
33278
19883
46669
33273
6483
19875
6479
6476
46654
46653
6470
6469
46650
33251
33250
46642
19853
33247
6458
6454
19848
46634
6451
6450
6448
46629
6446
19836
33230
46622
19834
46619
6436
46617
19819
19814
46601
19812
46599
46598
6410
19799
33192
6398
46576
46575
6393
46570
6386
33174
33170
33169
19773
6376
33164
46557
6374
19765
6366
19758
19757
6362
46542
46541
46540
19751
19749
33143
33142
6353
46532
6348
6347
19741
33133
19738
46524
33128
46516
19727
33119
46512
46511
33116
46507
33110
19714
46501
6315
19707
33100
46493
6309
33096
19701
46485
6302
19696
33089
33085
33082
19687
33080
6288
19681
33074
33073
6284
6282
6281
33069
33067
6276
33063
46455
46451
19664
6269
46450
6264
6261
46439
19652
33045
33044
19649
46435
6252
33035
33033
6240
33026
46418
46417
6233
19627
33021
33019
19623
33015
33013
19618
33011
33008
46401
46399
33003
19607
19601
46388
6204
32989
6200
32987
6197
32985
46378
19589
46374
19585
46369
32976
6187
6185
6183
46361
6179
19573
46356
32964
46354
32962
19567
46352
6170
32958
32957
6164
6163
32951
32949
46339
19550
32940
6150
46330
6148
46329
19537
6140
19535
19534
19533
46318
46317
32923
19526
6130
6128
32915
32910
32909
6120
46297
6115
19509
19508
32902
32901
32899
6110
6107
19502
32895
6106
46285
6101
32888
19492
32885
46278
46277
6093
19487
46272
46269
46264
19482
46261
6085
19477
32872
19476
32870
6079
19474
6078
32866
46258
32858
46250
6067
32855
19460
19458
46239
46237
32848
6052
32846
32845
6049
32843
19447
19446
32840
19445
19443
32837
19439
32833
19433
46220
32823
46216
6031
46210
19423
46209
19420
32814
6025
6022
32808
19413
32804
6015
32802
46194
19406
46191
19404
19403
46188
19399
46184
19391
32785
5992
46172
19383
32773
19377
19376
32769
46162
46160
5978
5975
19369
32756
5966
32744
46146
46144
46143
5961
32742
46141
19352
46139
5956
46135
5953
5952
19346
46133
32738
32733
5946
32731
19338
46125
46124
46121
32724
46117
5936
5935
32721
32720
46113
32715
46108
19314
19309
32702
5913
32699
46093
32696
46088
19301
5906
32690
46085
5902
19293
32686
5896
46076
32675
46069
5887
19281
5884
32671
19274
32667
19270
32662
46055
32660
5871
5866
19260
5865
46046
32650
19256
46041
19248
5853
32639
5851
32634
46030
46029
46028
5844
19237
32629
46021
32624
32623
19229
5830
19222
46007
32611
46005
46004
32609
46002
32607
32601
45996
5813
32599
19205
5802
19196
32586
5795
5791
32577
5788
45967
32571
32566
45958
45954
45953
5772
5770
19164
5768
19162
32553
32552
45947
5764
19157
32542
45935
45934
5752
19146
32536
32529
5746
45926
5744
32528
45923
19135
5740
5739
45919
5737
32523
5733
19117
32509
5721
32500
45899
45895
19109
5714
19107
45894
32499
32498
32495
5705
45886
32490
32488
5700
32484
5696
45875
45870
45869
19081
32473
5685
45866
5682
45863
5680
19072
45859
19068
5670
45849
19062
5667
19057
32449
5659
45839
32444
19049
19048
45831
5646
19039
19036
19033
32425
32424
32418
32416
19022
5626
32412
19018
5623
32410
32408
32407
45800
19012
32405
32404
45795
45794
5612
5608
45788
18997
32390
32388
18994
45780
18992
18990
32379
45774
18985
18984
18982
32375
45768
45765
18977
5581
45762
18972
5576
18970
32362
32358
18965
45752
18961
32350
32347
32345
5558
45739
18949
32342
45734
32338
45732
5546
32330
32326
5540
5539
45720
5537
45717
45708
18921
18920
5525
45702
5515
18904
32297
32294
5506
32292
18898
5501
32286
45674
18886
32277
5489
32274
32273
18879
18877
18876
32263
32257
32250
45646
5467
5465
18859
45645
5463
5462
45642
18852
32244
32243
18847
5450
18844
45629
32233
45622
5440
32224
5436
18829
45615
32214
32206
32205
5428
32204
18820
18819
45605
45601
5422
18815
18814
18813
45597
5416
18810
5414
18808
45589
45587
5404
5400
45579
18792
5397
5393
5390
45571
32174
5386
5381
18775
5376
18767
5372
5371
32158
5365
18759
45542
18752
45539
32144
32143
32139
5351
32131
18737
18732
45519
45517
5333
32119
45509
45508
45507
18717
18715
32108
32106
45498
18706
32094
5306
32090
45485
18697
32088
45482
18694
5298
5297
18690
45477
5293
32079
32078
5289
32073
5285
18679
32071
18675
5280
45461
45459
5277
45457
45456
32061
5272
18664
32056
32054
32053
45447
45446
18655
45440
45435
18647
18644
5248
45429
18640
5244
18635
5239
18633
5237
18631
18627
32018
45412
18624
45410
5227
45408
45399
18612
5217
45398
18609
32002
5212
45393
45392
31996
31994
31993
31987
18594
18593
31982
45372
5190
5189
45366
5184
18578
31971
45363
5180
45361
45358
5173
18564
31957
31955
31951
18560
45347
5163
5162
18556
18555
18554
5157
18551
31943
45333
18544
45330
18541
45326
31929
18531
5136
5135
18528
18527
45312
45311
45310
45308
45307
5125
31912
18516
18515
5119
31906
5117
45296
5114
31901
45290
45287
31889
45283
31888
5099
31884
18489
5094
18487
18486
5084
5082
45261
31866
31863
45258
18469
18468
31861
31857
31856
31855
18460
31853
18457
31849
45243
45235
18446
31837
45230
18442
5046
18439
45225
31828
18435
5040
18432
18429
18428
45215
18426
18425
31817
45207
18415
18413
18411
18409
45196
45193
45191
18403
5003
31788
31784
31782
18390
31780
31777
45175
45174
45173
45172
4988
18382
18381
4986
45167
31770
45163
31768
31758
18371
45157
4974
18368
31757
31751
4971
4970
31747
4968
4967
45148
45147
18358
4962
18356
18355
45141
4959
31745
18349
31742
18345
45132
4949
4947
31729
4943
45123
4941
4940
4939
31721
18328
18327
31718
31714
45107
31711
45104
31709
45101
31706
18310
4914
4913
45093
18304
45087
31692
4903
31689
45080
31681
18284
4889
31674
31671
4883
31665
45060
4878
31664
45058
31658
31657
45048
31651
18257
18253
4858
45039
18247
45033
45030
4849
4848
45026
4844
31629
31627
31626
45021
31625
31624
45018
45017
31616
4832
45013
18224
18223
31615
45008
4826
4821
31608
31604
31601
18208
18207
44993
18205
4810
18203
31594
44988
31589
18193
4798
31583
4796
31578
31576
44973
18186
44971
18184
4788
18182
44967
18179
31572
31568
44963
4781
44962
31565
44960
18171
31560
4774
4772
18166
31559
4768
44945
4765
4764
4763
44942
44941
4758
44938
44936
44932
18143
18139
18137
31527
4739
18128
44915
31517
31515
31514
31513
18114
4719
44898
4714
44894
4712
31496
44890
44888
44887
44886
4702
44883
4699
31484
18087
31475
4686
18080
31473
18078
31467
31465
4678
18072
18071
4672
18065
31458
18060
31452
4663
18057
44842
44837
4656
18049
18047
31439
31427
18032
4636
44816
44815
4632
4628
4625
31410
44805
44804
31408
31407
44799
4616
44795
18008
18007
44789
17999
44784
44781
17992
17990
4592
31378
17984
31376
44770
44765
44764
4579
4575
17968
17960
4564
44745
44744
17950
31334
17942
17941
31332
44727
17938
44724
4542
4540
17932
44719
31323
31318
44711
4531
4530
17923
44707
4526
17919
17918
31307
17913
44698
4517
17910
31302
31301
31299
44693
17904
17903
44689
4507
31294
44684
17890
31281
44666
4482
17875
4480
31264
31256
44652
44650
4468
17859
4464
4462
17856
4459
4457
44637
4455
17847
44634
17844
31230
17837
17836
17834
17833
31225
4437
31224
44615
17827
4432
17822
17820
44606
31209
31208
4419
44598
31203
31197
44591
4404
4400
17794
44581
17792
44576
31180
4391
4385
31167
4379
17773
17772
17771
31160
44555
17768
44553
44552
4370
17764
31153
4366
17761
17760
4365
31149
44542
44539
4355
17749
17748
31139
17745
31136
4348
17741
4342
4341
17735
44519
17723
44510
17721
44506
17718
44503
44502
17713
31106
31104
31101
44495
31096
17703
17702
31094
44486
17698
31091
17695
17693
31086
44478
44477
31082
4291
44472
4285
31072
4282
44463
4280
31067
44451
31051
4263
31046
4258
31044
17650
31037
44429
44428
4244
17639
17638
44424
31026
4240
4239
4238
31023
31021
17628
44414
44412
4230
17624
31017
4228
44406
17615
4220
17612
31003
17610
4215
17605
4210
4208
4206
44386
4203
30985
44380
4200
4199
4198
17591
30980
4189
17583
44370
30975
17578
30971
30968
30965
30957
17569
44356
44352
17566
44351
17564
44350
4167
17561
4166
17559
4163
4162
17556
44343
30948
17546
30935
44326
17538
30930
44322
4138
17532
30921
4133
4131
30917
4127
17517
44304
44303
17514
30906
17510
17508
44295
44291
44290
44288
4107
17502
17501
17500
4105
17498
44283
30886
44279
17491
30882
44275
17485
44272
30875
17482
30874
17480
30870
30869
30865
44259
44258
4077
17471
17470
17466
17465
4069
30855
44243
4061
44242
4058
17452
17450
30839
17445
4050
30834
44229
4046
4045
17436
17435
4040
44219
4037
30824
4034
17428
44215
30819
17425
30814
44209
4025
17419
4019
4017
44195
30796
17397
44183
3995
44171
17383
30776
44165
44164
3982
3981
17375
17374
3979
44160
30764
17370
30762
44154
30759
44149
44148
3968
3967
3966
30749
44145
3962
17355
30745
44139
44137
17349
44136
44132
17343
3948
44126
30730
17336
30729
17333
3938
17330
17327
3931
3927
30709
17310
17309
44096
30698
30697
17302
17301
30693
30692
17298
44084
17296
3897
17290
44067
17282
44066
44065
17279
44064
17277
44063
44062
3880
3879
30662
44056
3874
3872
3867
17262
3866
17260
44044
3859
3854
30641
3849
17241
30633
3844
30631
3842
30625
17233
44019
3837
30623
44016
17225
30616
30615
30614
30612
17219
44006
44005
3821
3819
30605
43998
43997
3814
30600
17206
30599
3808
30595
43988
43985
17196
43982
43978
3795
17188
30581
43974
43969
3785
43965
30569
43963
30567
3779
3777
30560
3773
17167
43954
17164
43948
43947
17158
30550
43944
30544
3759
30543
17151
30541
30539
30537
43935
43931
3751
17144
3749
43930
43929
43928
30529
30528
30527
30526
43921
43920
3738
43919
43918
43913
3732
3731
3730
17123
30514
17120
30510
43906
17117
3721
17115
43898
30502
3713
3711
17102
3707
17100
30491
30490
43881
3700
17095
3699
17093
43874
17086
17083
3688
30475
3685
30470
43864
30460
43853
30456
17060
30436
30431
3648
30430
17040
43825
43824
3643
3642
43823
30427
3639
30425
30423
17030
43817
43814
43813
17024
17022
43807
3624
3622
3620
3610
43791
30396
16998
30388
3600
3594
43774
16986
43771
43769
16981
43764
3584
16977
16976
43760
16973
16972
3577
43758
16968
3573
30358
43748
3567
3566
43745
3562
16955
30344
43741
43737
3556
16950
3555
43736
30338
30336
43731
43730
43729
3547
30333
3539
16927
43714
30318
3530
16923
30310
3521
3520
16914
43700
43695
3516
16909
3514
16907
30300
43693
3509
30293
30291
30287
3505
16898
43683
43681
3501
43680
16893
3498
16890
3495
43674
16887
3492
3490
43669
3487
30271
43664
43662
16874
43661
30263
16870
3474
16868
30260
43654
3471
3470
43649
43646
43645
30248
16853
43638
43636
16848
30240
3450
30233
30231
16835
43618
43616
3435
3434
16828
3433
3428
43607
3424
16817
30207
43602
16814
43601
16812
16798
3394
30180
43574
30179
43572
43568
3384
16778
30170
30165
30161
30158
3374
43552
16766
43551
16764
16763
30153
43549
43547
3365
3361
3359
30146
30145
43538
43534
3351
3349
30134
16739
30131
43523
30128
3338
3332
43513
16721
43508
43507
3324
43504
43499
3317
16711
30104
43495
16705
30096
16703
16702
43489
30094
30090
30085
30084
43478
3295
3292
43472
30070
3279
43460
16671
3276
3272
30059
43452
16663
43449
30053
30046
3264
43442
3261
16655
16654
16653
43440
43433
3251
30035
43430
16642
16641
3246
3245
30032
30030
16635
3237
16631
30022
3233
30018
43413
30017
3229
30015
30013
3226
43407
3222
43398
43395
3216
3213
16608
16607
3209
29993
16601
43387
16599
29991
16597
29990
29986
29985
29984
43375
29979
29976
43367
3181
43360
43359
3177
16571
3176
3174
16564
43350
16561
3165
16558
16551
43338
16548
29936
29931
16537
3142
16534
29923
16531
16530
43317
16528
43315
29919
16525
3126
43307
29911
43305
43304
3121
29904
43297
16508
43285
16497
3100
16493
29886
3096
29878
43274
3091
43272
29874
29873
16479
43264
3080
43260
16472
43257
16469
43253
43251
29856
43247
3065
16458
3061
3060
16454
43240
3057
3056
43235
29835
3050
43231
43230
3047
43223
3036
16429
16426
43213
43204
3022
29809
43200
43199
29804
29800
43191
3007
3006
16398
3002
3001
2997
2996
16390
2991
2990
16384
29777
43169
2987
29771
43166
2984
43165
16375
16371
16370
2977
29764
43155
2972
43153
16364
2964
16346
16344
29744
29743
2957
29742
2955
29740
2953
43134
2951
2950
2944
16336
29729
2941
16333
2939
16330
2934
2931
16320
2928
2927
43108
29710
16313
2918
29700
43094
16305
16300
43087
29686
2898
16291
16290
29678
2892
29676
2890
2889
43070
16281
2881
29660
16265
16259
16258
29655
29653
29652
43046
2860
16252
16250
43037
29642
16243
2849
16240
29634
29631
16233
2840
16232
16231
2837
43017
29620
2832
2826
29610
43004
16215
29604
2816
29601
16202
42991
29596
2806
42987
16197
42982
29584
2793
16186
29579
16182
29574
2786
42964
29569
2780
29567
29566
16170
29559
42957
42955
2773
29558
2771
42952
29557
2762
16151
29542
29541
29539
16144
2747
16140
2745
29531
29530
2739
16130
29521
2732
16125
2728
2724
29510
2722
29509
16111
42898
16107
16100
16098
42880
16091
42878
16086
29480
2685
2684
2683
16075
29468
2680
16072
16071
16070
29464
16067
29458
42851
2669
29454
42849
42848
29453
16049
16044
2651
42832
42829
42823
42822
16028
29422
29420
16022
2625
42806
29411
2622
29406
42796
29399
15996
15991
2607
15989
42787
29392
2603
2602
29385
42782
29383
2598
29382
42778
42776
2594
29380
29377
42770
29375
2582
15973
15971
29366
29365
15970
15967
2574
29361
15966
42750
2569
2568
42749
29352
42743
42740
2552
15945
15941
2547
42726
2544
2541
2538
2537
42713
42712
2529
42707
15917
42705
29307
42699
29304
2515
15908
29300
15889
15887
42671
2488
15879
42668
15878
2484
15875
2482
2481
2479
42660
15868
15863
29258
2471
42652
42651
15859
42643
29248
42637
42634
15841
29236
15838
15834
15831
29231
2443
15828
15818
15815
29227
2438
42619
29224
2435
29222
15814
29219
2431
15813
29216
29215
42609
15812
29212
42605
2423
42604
42603
29208
2419
2418
15799
42585
42584
29188
42582
29187
29185
42577
15788
15786
15782
15781
15778
42566
29164
29158
2371
42551
2369
2365
15757
2360
42539
42538
42535
42534
2351
15744
29137
29136
15741
15736
42524
15735
29125
15728
42517
2334
15723
2329
2326
29108
42501
2317
29103
42497
2313
15706
42492
42491
15693
29089
42484
29087
42482
42481
15691
15686
42477
2294
2293
29080
42473
42472
15682
2288
42469
29071
42462
15671
15670
15669
42456
42455
2274
2273
29056
42450
42448
42445
15653
42441
29046
2257
2255
2252
42431
2250
2249
2244
29028
42420
29020
42415
2232
15623
42410
42402
15613
42398
42396
15606
15604
15602
42392
28996
28994
42389
42388
28985
42377
28982
28976
42368
2183
28970
42363
15572
42359
42356
2172
42353
2170
42351
15561
2166
28953
42342
2160
2158
28945
28944
42333
42332
28934
28932
15536
28930
15527
28920
28918
28916
2128
42308
2125
42303
42302
2120
15512
15510
28904
15509
28899
28895
42289
15499
42285
28889
42282
28887
42280
15485
28879
42268
2085
2079
15466
15462
15460
15457
28852
15456
28850
28842
42234
15444
2047
42227
28831
2043
28829
15432
42219
2037
42215
15424
28818
28813
15418
28809
42201
28805
42199
15408
42196
42195
2012
28794
15399
42186
42183
15394
28785
28781
1991
15383
28777
15382
42169
28774
15378
28772
1982
42161
15370
1974
1973
42153
28758
1969
28756
1967
28753
28751
1959
1954
15347
28740
1950
42129
15340
1943
1942
15335
15334
42118
1934
15327
28720
1931
1928
28715
42108
28712
15316
28710
28709
15314
15313
1914
42094
1911
15298
28690
28689
1901
1900
15292
1896
15287
28680
1889
28675
28674
1881
28666
28665
1873
15261
28655
15259
42046
42044
42043
28648
28647
1858
28641
42034
28638
15242
28632
42025
15236
1839
15229
28620
15223
15220
42008
1824
1821
1817
28604
41997
41996
41995
15206
28595
28594
41991
41990
1807
41988
41986
1802
1800
1798
15186
28582
41975
41974
41973
1788
15180
1786
1785
41959
1775
15167
41953
41950
28554
28553
41946
28551
15154
41941
41940
1757
41936
1751
28533
41919
28523
1735
28522
41915
1730
28516
28514
41908
15119
1723
28504
1715
41896
28501
28499
41893
15103
41891
15099
41887
28490
41884
1701
1699
15091
28483
1693
28480
15083
15082
41870
41867
1685
41866
1683
15076
15074
1679
15071
1677
15069
28460
28459
1668
1666
15054
15049
28449
41842
28446
1658
28443
1656
1655
1653
1652
28438
28436
15041
28431
28430
41823
28427
41818
15029
41816
1632
15025
41812
28417
1628
1624
15015
1621
41802
15012
1616
28397
14998
14997
41788
41787
14995
1603
28390
1601
14993
1598
28381
41775
41774
14980
14975
28370
1582
41763
14972
14968
28361
41753
1568
1567
28353
28349
1561
28347
41741
14951
1557
14948
41734
41730
1545
14936
41725
41724
28329
14931
1539
28326
41719
14929
41717
14927
14926
1531
1529
28310
28307
41701
14912
14910
1516
14906
41695
1513
1512
41693
1508
14900
41687
28292
14896
41683
28285
14890
14884
41673
1490
14881
28274
41667
28271
28267
14871
28258
1470
28257
14859
1464
1460
14852
1457
28243
28241
41635
28240
14842
41628
1444
1441
28222
1434
28221
1430
28215
41607
41604
14815
1420
14806
1411
41591
28196
14801
41588
41587
28187
28185
14789
14786
1391
1389
41569
1387
28174
41566
14773
28166
41560
28160
28159
14761
28152
28148
14752
41538
41536
14746
41533
41531
41527
14737
1343
28129
41521
41518
1336
14728
28121
14726
28113
14715
28109
14713
1319
1315
1314
41493
41492
28095
28093
1306
41487
41485
14695
14685
41472
28071
28070
41462
14669
28059
14664
1266
14655
41443
14654
14652
28043
41436
14647
28038
14642
1248
1245
41426
41425
14631
41420
28025
14625
28016
1229
28015
28014
1226
14616
1222
14611
41400
1217
28004
1215
41396
41394
1209
27996
41389
27993
41387
14595
1200
1199
41379
41378
1196
1194
41369
1185
41364
1182
41362
27967
41360
14571
41358
41353
27957
27956
41349
41345
41343
41342
14553
1156
14546
14545
41333
1151
41329
27931
14534
41321
14532
27924
41318
27922
41311
1128
14519
14518
27910
1120
41300
14509
41298
1115
14504
1110
27897
14501
14500
14499
41286
1104
41283
14488
27887
41280
27884
41278
27882
27880
41275
41274
27879
27878
1089
27872
41265
1079
1075
41255
1072
14463
41250
1067
27854
27848
27847
14449
14444
14442
14438
27840
27838
1050
27837
27836
14435
1046
27832
41226
27828
1042
1041
41222
41221
14428
14425
27819
41213
1030
27816
1027
27813
14412
14411
14408
27805
1018
27803
27802
41197
27801
41195
27798
14401
1008
1007
27790
41182
999
14387
14381
27772
27771
14376
14374
41162
14372
14371
977
976
14361
41153
27758
27756
27755
41149
41146
41141
27743
956
955
27742
953
27739
14343
14341
14339
937
14330
27723
931
27717
929
27715
14317
27711
41104
919
14312
14310
14308
27699
14302
907
14294
27689
41084
903
41083
901
14293
41081
27686
894
892
27672
41065
41063
14274
41061
14272
14268
14267
27661
14266
27658
870
867
27652
27651
860
41041
41038
41036
848
41028
14236
41024
14234
27628
27625
836
41017
27620
14222
27618
829
41010
14219
27607
41003
41002
41001
40998
816
14209
14207
27601
14204
807
27594
27587
14192
14189
14186
27581
40975
40974
792
27578
40972
27574
784
782
781
14169
779
40960
777
27564
27563
14165
771
14163
40950
27555
14159
761
758
40938
755
14146
27541
27540
27536
40927
40924
40922
737
733
732
14122
40911
729
728
14117
40904
717
27504
14108
27501
14104
27498
14098
705
40886
701
700
14089
27483
27479
14083
27476
40870
14080
14079
685
14077
27471
40859
14070
674
40855
14065
14063
667
27453
14057
14056
27450
14055
14050
658
27445
656
14049
650
27436
14040
14038
644
14034
14031
14030
14027
14026
40814
628
14021
40806
623
622
27409
27407
619
14011
14005
615
27401
27400
612
27397
40791
40789
608
607
13999
27391
40785
13993
27387
40781
40780
27382
595
594
40775
27377
590
40771
13974
27366
575
13967
40754
13965
568
13960
566
27348
559
27343
13945
553
552
551
40727
40726
27328
40723
540
27325
27323
40717
536
535
40716
533
13924
40706
13913
40698
514
27301
27300
27299
510
509
40689
40687
504
27291
13895
40681
27284
496
40666
13874
40662
40660
476
27262
27260
40650
13858
463
462
40643
40641
13846
27245
40637
455
27242
27241
40634
13845
27235
448
447
27231
440
40615
13819
13818
27211
40606
423
420
418
13811
413
412
13800
407
40588
405
40585
27190
401
397
13787
27182
394
40575
40573
27178
27176
40569
40565
13774
380
13771
27166
13764
40558
375
27158
40554
372
27156
370
369
368
27155
13758
13750
362
27148
40542
13749
27146
13748
40538
27142
40536
13747
352
351
27131
342
40522
13732
337
333
27115
27114
27113
323
27110
27109
40501
40500
317
27104
13709
40496
27100
13705
40491
13697
13696
304
13695
40484
27089
13689
40473
291
286
27073
40464
281
279
13671
40458
13669
13664
27057
268
27054
266
27053
27046
40440
40437
13645
40433
13643
244
40424
241
27028
27026
40419
237
236
27022
232
13621
27018
27017
13620
227
13617
27013
40406
223
27010
40401
13611
215
40396
40395
40394
13603
13602
26996
26995
40389
206
40387
40386
201
40382
26986
40379
26982
40376
26978
190
40371
13582
13581
40368
13576
26970
26963
174
40355
26960
13564
26958
40350
26950
13553
13550
40336
26941
13546
149
26935
144
13537
26928
140
40318
40313
13521
26915
26914
127
40308
13513
26911
26910
40304
40302
120
13510
118
13507
40297
115
114
40294
112
26898
108
26895
13498
13495
101
40281
99
13491
26880
26879
40267
40266
84
40263
80
13473
77
13467
72
13464
70
69
13461
26851
61
40242
13453
13452
13450
54
40234
52
40232
49
13441
46
13439
40224
26827
37
13427
26821
40215
40214
40211
28
13420
40208
13417
13416
26809
20
19
26804
13405
11
13402
26795
40188
6
40184
13388
13385
26779
26776
40164
26767
13368
40151
40146
40143
13354
40139
13348
40133
26737
13340
13319
13318
40105
13314
13307
26703
40096
26701
26698
40092
26696
13300
40088
13299
26690
26688
26686
40080
13290
26680
13284
13282
40067
13277
40063
13274
40059
13268
26662
40056
40049
26648
13252
40039
26640
13239
26633
13238
40023
13234
26625
26608
26605
39999
26604
39996
13203
26593
13193
39980
39979
26581
39973
13180
39954
26551
13156
13154
13150
39936
39935
26540
13144
26532
39925
26521
39909
39908
26513
13118
39898
26496
13090
26476
13080
39867
26472
26471
26469
39863
13074
39861
13069
13061
26455
13054
26448
39840
26444
39838
13047
39835
39833
13038
13037
26422
26418
39810
39809
13016
26410
39803
26408
13013
39800
13007
26404
13003
26401
39795
13001
26399
26398
39791
13000
26395
39788
12995
39774
26379
26378
39770
39761
39760
39756
12965
12957
26352
12956
39744
26348
39742
26347
26345
39736
26339
12944
12943
12942
26330
12932
39718
26322
26321
39713
26314
12913
39700
39699
12909
39696
12903
12900
39687
12891
26286
26285
39679
26279
26278
26274
26273
26271
39662
26267
12872
12870
12864
26254
39648
26253
39646
39640
12850
12847
39633
26236
26230
26228
39623
39622
26225
12827
26221
12815
26210
39604
12813
39602
39601
26203
26200
26193
39584
26186
12787
26178
26176
39565
26162
39555
26160
26158
39551
26155
12759
26151
39545
26149
39543
12753
12749
12743
39529
12737
26127
39520
26125
12727
12723
39511
26115
39506
26109
39502
12708
26102
26097
12701
12696
39483
39476
12674
39459
12670
26063
39456
26061
39454
12665
26056
12661
39447
26051
39444
12653
12649
12648
26041
12645
12643
39431
39427
26030
26029
12632
39420
39416
26018
12623
26012
12614
12613
26006
39400
39398
26001
39395
12605
12602
39390
12587
39377
25982
39375
25968
12568
12567
12564
12559
25951
25944
12549
39336
39335
12546
12544
12543
39329
25932
25931
12536
12535
39322
25927
12532
25923
12528
25919
39314
39313
12522
12521
12519
12517
25903
25902
25899
25897
39281
25886
39276
12485
39268
25869
39264
39263
25856
39250
39248
39246
39244
12454
39235
25839
25833
25832
12437
12432
25825
12427
39212
12422
25814
12419
39206
39204
12413
25804
12405
39193
39191
12401
12399
12387
25773
39166
12377
25768
25766
39157
12368
25754
39147
39146
39145
12348
39134
12343
39132
25737
12339
25734
39127
12337
39124
25729
25728
39112
25717
25711
25708
25702
39096
39095
25700
25698
39090
39087
25688
39082
39080
12289
25675
25671
25669
25663
39052
12262
12260
25654
12259
25651
25650
25649
12251
25645
39039
39036
12247
12242
25636
12240
25634
12237
12234
25628
25627
25625
12227
12224
25619
25618
25613
12215
39002
25605
38994
38992
38982
38980
38977
38976
12187
38974
12183
12180
25575
25574
38968
38961
12172
12169
25563
25562
12163
12160
38950
38949
25554
25546
25542
12146
38933
38931
25536
12141
38927
25526
12127
25504
38898
25503
12107
25501
38880
38878
12088
25479
25478
25474
25472
25470
38865
38864
38863
25467
12069
25462
25459
25457
38849
12059
25453
38845
25449
38843
12054
38841
38840
25445
12041
25435
38828
38826
25431
38821
38812
38810
38808
12017
12016
12007
25398
38792
11999
38787
38785
25387
38780
11991
11989
11984
25376
25374
38766
11974
11970
11969
11967
25364
38757
25361
38755
38753
25357
11960
11959
11957
25352
11956
25350
11954
38742
25346
25345
11947
25334
11934
25325
38713
25318
11923
11921
11915
11911
11910
25305
38698
25302
38695
25300
25293
38683
11893
38681
11888
11887
25283
38676
25281
38674
38671
25274
38667
11878
25270
25266
38655
25258
38652
25252
11855
11853
11851
38640
38639
38637
11846
11842
38631
11841
25235
11839
11837
38618
7
150
49
383
423
197
210
138
