1843
35919
16844
11948
16849
12044
25497
4162
15640
32581
22731
32582
38418
5366
16842
20337
34970
27635
8955
7755
8959
13241
36011
36279
28839
35076
37472
21548
14695
17190
5351
19590
31387
30189
33781
1657
34720
8941
15891
488
27641
13494
6549
19328
21552
22751
19580
12025
17186
10728
12021
10724
14682
14686
32340
24054
13226
32598
5334
1645
32335
7732
9031
1643
7734
7735
36296
11081
19318
8937
28859
15876
11916
18373
15877
24060
19576
10714
23702
25000
5591
21303
14410
29803
5588
5587
28864
26467
23709
28863
26468
6525
17169
15608
15609
8922
35943
7728
16808
18105
19389
10529
15420
23051
21750
20553
7543
9096
27852
11981
16881
16880
19119
35297
33731
34095
33996
13286
30137
31334
35299
27859
10789
18179
38647
1691
15419
13015
19116
21766
14210
23063
14477
24261
16611
5135
14216
7531
274
9084
10772
24000
22703
32541
22702
9922
34942
7529
12910
1432
10778
14206
21773
14209
18166
13003
22710
16863
15665
23077
3824
32550
27876
9073
9078
26676
9910
32557
2621
2887
1685
12063
29172
12060
32559
29174
27613
35907
22983
38405
10759
21781
18158
5371
6570
2609
23085
22986
5101
7764
27624
1418
26426
25225
5104
34962
5105
33763
22729
24025
22728
9065
32304
35900
33767
28826
26427
16181
33957
1220
27808
12485
33955
33959
21972
10929
9982
4827
36459
14881
14882
6128
7315
19779
8514
20778
13419
26870
20779
31553
25417
10083
25416
35251
32756
28172
2420
25678
3883
25412
30108
10076
36203
10075
33706
7571
3613
23282
9972
11018
20788
13412
6377
36204
21981
13674
22925
29382
23289
6108
25685
24222
21988
24485
23022
7309
26627
35260
25429
33962
32764
18564
18560
15802
28187
18565
29380
33716
36212
11265
37679
16161
3865
6362
35278
36211
4800
3869
13401
3605
7300
37414
30380
37417
8763
38614
20531
27830
23035
9953
28191
30374
20537
23034
32775
1469
32773
16156
33978
19754
2662
30117
32529
37424
36486
10050
3854
34927
915
29139
912
7555
8745
30381
9948
12448
22946
16140
32522
32788
19741
2653
32526
18544
1453
36672
2467
4864
17160
15600
33075
31778
17162
33914
13462
18100
3406
32714
21090
8301
20992
36416
34015
23490
36676
9503
8305
7105
7108
36679
37608
24693
20737
21935
32973
4861
21937
19557
27192
24697
27191
4852
34287
7350
35488
6152
30327
11056
33086
19552
1252
29330
939
9754
33928
29599
29333
8549
22046
30580
21940
21941
23240
22042
26846
34283
22048
33085
19545
19546
30338
35232
34298
3644
34297
14645
10946
3646
6142
1241
8543
946
13447
35237
35238
7349
8539
19537
22051
19797
26857
18334
31796
19796
30334
32995
17139
3641
13697
3896
32747
36443
14631
17392
3634
10096
17130
1491
6399
9994
7599
9999
11039
20761
25663
7327
21969
29360
23261
21700
26603
12490
17120
18585
27800
17389
24206
23004
2435
1235
33940
23005
23318
3449
4649
8345
28473
7145
26076
27272
832
15292
18628
9545
34365
35563
838
27017
29676
22383
18625
17427
12522
24789
24521
17683
5841
14088
14921
4643
15288
22388
18881
4645
9794
8596
28221
30412
24526
8599
26923
9796
10123
11587
19813
10122
35310
1290
10119
15013
36508
14918
18610
20839
25732
15271
28490
27291
9782
35584
7120
2223
3426
35320
37981
6187
26932
33188
2484
2483
5829
12774
1285
29693
16209
8323
36786
11305
16464
11303
16469
17666
26942
26943
13962
20847
33181
2227
15265
17660
4610
34395
6173
38092
36530
3416
30439
1277
28243
3417
24548
5814
24549
8574
34138
10365
18856
38096
35335
7119
22153
15256
8307
20857
17653
12755
20858
23352
17654
18855
22151
17656
23355
14052
1018
31897
33190
9587
29631
25097
30620
25098
23535
2023
12578
38282
38281
619
36980
17469
38011
19601
37911
18403
19865
11109
18401
37075
11107
17460
39
14700
4688
14968
7188
16002
24748
1917
9314
30898
25941
22348
35531
36730
12301
33133
36991
33137
27246
2270
38289
36726
13759
3471
4671
37088
37089
18659
21
29649
27
17451
22357
3479
5874
5611
4414
8372
11350
22359
14951
8367
29659
8101
11357
10158
33148
33147
35542
17444
13749
55
22361
13747
21163
12548
58
18648
12546
3201
5864
25704
28466
5859
31851
2257
2255
2254
35556
9557
36756
12540
11342
28203
24509
17434
13735
11337
18637
22378
3454
25971
17694
16498
22556
18807
18804
11509
16667
28654
15205
17602
15207
24959
18800
1965
34534
36099
34532
37298
38497
14264
1973
37299
4201
9361
9362
20165
4205
36935
3008
37035
7800
9364
28660
29861
8157
2057
28665
2055
27200
75
19153
37043
14252
10554
36946
20171
1960
34547
38249
5654
663
37047
23778
21118
27471
25072
25071
28414
32169
17844
27477
26277
32167
30607
1951
413
20184
11744
26288
8136
19139
13038
22588
22322
32171
21126
94
2034
16630
37070
14236
35776
25929
33114
14238
27222
13292
420
12090
15696
10792
16894
4432
21399
5896
5633
13298
9593
424
20377
23714
27675
17648
26476
18848
31157
35952
32353
11546
28612
4247
10346
23718
27678
17644
433
37254
36056
14043
23986
22522
21584
21320
2939
26487
24922
21327
26484
4241
12734
2944
15497
29828
17895
2942
37261
28625
14036
14037
36060
4237
35705
6634
8197
14294
14295
10339
35704
22795
32380
31182
22530
31185
35980
31184
34784
2923
34782
6890
16683
6881
36076
6883
36077
14023
6882
34513
34779
6884
16423
2091
38212
8185
21341
37276
12726
14282
5429
15482
9121
13920
17619
18819
31191
12980
31198
18811
26245
24948
31195
25048
17615
34795
26244
2911
23749
33595
34787
37286
2084
32124
28647
11773
462
32127
3015
20154
9372
4218
13114
13379
22861
36149
17915
21403
4294
27761
22602
5495
15774
21665
20467
14313
29068
29901
26302
6689
27766
2735
26300
7623
34840
1535
24168
26567
9188
23803
26564
15770
32443
8826
6428
16707
37343
19203
26309
2990
22872
4280
19464
19463
26575
27772
22876
4288
30065
20215
6685
1517
28713
3913
27515
29912
28978
6674
32450
5478
359
4016
1789
6414
37353
2982
7619
24182
13353
38303
26586
21427
24185
16950
25382
2704
31273
30067
6663
5464
6662
4002
33661
4269
32463
9161
27521
2974
31268
26323
32467
27520
101
33664
29082
8803
37100
38563
35803
32204
7605
31006
36166
13346
12148
18245
21430
30080
27796
28992
3063
14541
30921
5462
5452
3058
27537
2965
9151
30916
1765
112
1763
6656
2960
37378
37379
31019
19699
35817
29932
35812
1572
18058
5270
36365
28919
34808
28917
6473
15555
16754
22822
5277
399
5012
30271
7666
28084
3709
26521
6207
6206
2512
28924
24129
34800
30009
25327
36117
20695
36112
29028
20432
4902
23195
30275
2506
7658
27994
30013
30278
25597
31475
31213
2762
32416
31219
27735
18034
13139
37326
19495
20441
38520
154
20448
17094
5253
30295
7652
5257
7643
25348
31482
24145
27740
8844
22849
14330
34821
28949
2751
10896
12192
18288
36136
3942
15520
5241
6699
6698
26556
6434
28951
32698
32699
31235
33896
30037
27751
27750
18018
36398
7638
2740
8837
1540
36395
34834
36587
32626
1353
171
36323
35125
35126
27939
6251
15954
37783
21841
23144
24345
19646
30480
25541
31680
30221
14747
31686
15946
27946
26747
16048
1342
14741
36597
15944
8640
7443
37536
36338
25554
8636
7436
9832
29253
20658
29255
18694
36594
19633
26757
35390
1330
36346
17492
8890
190
19890
193
8892
20668
21861
7434
20407
21605
20408
23168
29262
21607
8889
19628
26761
2539
20405
30243
9824
29268
10190
2535
14724
26502
27701
33859
11383
5282
4084
14987
3723
8882
24372
13523
20412
12325
21877
20413
7423
11122
25312
19613
21614
30255
10180
16011
15912
31455
28910
16278
26513
34142
17293
4998
7495
6031
10836
2598
2597
18498
7230
8697
2594
5936
6035
19695
16935
20868
23361
37739
10830
14529
13590
27063
19686
25767
22169
24301
19425
27907
2321
6282
12123
14522
16920
23108
24309
34156
9881
6025
7225
807
13327
8426
14785
35359
27908
24574
26971
24573
23370
19410
19676
24317
18479
21815
25510
18214
31652
13310
32868
28017
31668
29219
11178
17272
28015
4710
3513
35361
6274
13570
5079
34167
5911
4714
13317
29210
29478
13313
35105
12114
36304
5909
26983
27080
17000
17269
31660
3770
30200
32865
15708
24325
17007
15709
12365
2562
3500
33817
37770
3768
4700
32616
5067
32617
27924
829
37516
29221
6266
29489
8663
9867
35117
29230
22199
2306
18453
19656
31679
28345
35692
31998
5711
35693
32095
30533
25845
7013
4518
8213
30537
19958
38197
8215
34238
11462
36631
15158
13858
17555
13856
13852
20951
4771
6072
2119
31991
3314
22255
7262
3304
8463
6064
7001
7269
32949
35449
9404
37841
15145
17541
13845
21066
19943
12644
21904
31756
24407
5958
720
1156
34254
28362
2350
12641
7259
7258
28109
9654
29562
17539
10243
21070
16332
17533
19932
19095
22272
12630
11698
27174
23216
21918
24675
14197
24676
25871
21914
25619
3546
36661
32964
2342
26813
28376
34266
25879
734
28374
17526
29571
36668
35204
35205
20981
31507
18989
10497
35200
28118
19925
11691
28116
21089
22021
24682
12621
11423
10225
17521
15127
11421
16581
27182
12629
31764
991
23224
17782
11428
28563
27365
22207
23666
32053
30753
22467
23668
29502
14843
31952
13645
11249
32054
27368
18535
33249
3350
35645
12438
21011
17593
16396
5751
14833
22478
3358
22211
24872
17598
8253
18795
13891
25812
10295
24614
29511
33263
16390
27371
758
21018
23413
19729
34463
27117
12698
28579
28313
13895
27115
30508
34468
28312
13894
25818
10298
24617
19988
21284
20086
11229
19989
12425
21023
22489
22486
32072
27386
28583
27385
15180
2399
31710
13621
13886
36610
30518
32917
34214
35673
31718
29785
38169
36607
36866
5990
35668
4792
7291
16370
24898
5730
24630
6096
27399
27133
24638
9688
32088
9689
30523
2122
34482
517
6927
33284
2120
36620
11213
8228
34222
35689
34487
10278
34221
32923
10013
10276
29794
34226
27137
36612
13867
18503
37810
37812
20949
3321
5983
5720
772
16366
27581
24820
29985
9238
1837
27322
30711
27587
33211
1834
24826
2198
28782
13196
31905
35600
14396
35867
13194
15595
35868
4330
38363
15332
28526
30709
26128
6997
36807
6734
38106
7934
36803
25198
25199
26395
30981
23896
32283
9229
26392
20037
10692
17720
33485
32287
14126
17721
33482
24837
15328
4592
10423
2195
10420
4320
16783
35876
15322
34414
534
12827
36818
9480
34419
12824
13189
5526
35616
531
12821
21249
19014
23645
8278
23647
23643
8017
32030
30735
32036
31938
3381
31936
32028
34424
10675
33224
4576
9470
8272
7075
21256
9474
7910
3118
5513
9473
27350
8000
23659
11609
32040
9202
21259
31945
16764
14367
17961
33242
35642
30747
24859
14107
18064
10664
34437
38132
4562
3366
7061
29758
559
23663
5502
23660
8262
11864
23840
21444
31290
31294
22649
19078
26340
1617
11681
21449
4386
37380
4110
8070
7972
3179
5310
17510
33425
27547
1886
7973
12873
33423
34620
11674
18974
29940
6779
7713
8915
35825
16571
29947
22654
7707
21453
11673
18968
26354
16306
1606
19067
32498
33697
37130
15366
9264
6502
7965
38333
34638
21461
5306
4108
8903
14160
36199
5307
6508
12869
12868
13800
29959
32251
25168
23868
28760
19059
1857
22405
1601
29706
1866
321
23609
28501
34645
7952
6756
22670
5557
29965
20274
6758
37149
22672
20010
29702
29704
26371
21214
22414
23872
20277
20013
10450
32261
24816
1847
33465
34662
23616
598
3145
14146
28779
33458
29711
29978
37156
10448
2
176
220
