2942 2485 168
1 606 2 
1 1438 1 
1 2451 1 
1 2057 1 
1 2039 1 
1 227 1 
1 2107 1 
1 2468 3 
1 1769 1 
1 332 2 
1 175 1 
1 131 1 
1 1307 1 
1 752 1 
1 275 1 
1 516 1 
1 1354 2 
1 431 1 
1 177 1 
1 369 2 
1 221 1 
1 2055 3 
1 1560 1 
1 2063 1 
1 875 1 
1 1334 1 
1 1025 2 
1 1015 1 
1 689 1 
1 871 5 
1 1499 1 
1 214 7 
1 502 1 
1 631 1 
1 873 1 
1 1607 1 
1 1740 1 
1 769 1 
1 0 1 
1 810 1 
1 1993 1 
1 380 1 
1 2378 2 
1 713 1 
1 1808 1 
1 1960 2 
1 2265 2 
1 1425 1 
1 1776 1 
1 778 1 
1 2342 1 
1 456 1 
1 2453 1 
1 218 2 
1 1065 1 
1 309 4 
1 427 2 
1 195 4 
1 174 1 
1 1797 1 
1 1028 1 
1 1474 2 
1 594 1 
1 556 5 
1 2343 1 
1 2362 1 
1 627 1 
1 2457 1 
1 904 1 
1 1500 1 
1 2318 1 
1 1384 1 
1 1740 1 
1 1761 1 
1 1393 1 
1 2425 1 
1 75 1 
1 1458 1 
1 1689 1 
1 1674 1 
1 1994 1 
1 147 1 
1 1505 1 
1 193 1 
1 1912 1 
1 317 1 
1 2073 2 
1 1211 1 
1 1253 1 
1 2229 1 
1 1902 2 
1 200 1 
1 1121 1 
1 672 1 
1 1836 1 
1 1454 1 
1 1603 4 
1 92 1 
1 542 1 
1 1469 1 
1 1723 1 
1 646 1 
1 2178 1 
1 504 1 
1 1612 1 
1 650 1 
1 1057 1 
1 1092 1 
1 2359 1 
1 703 1 
1 2196 2 
1 2226 1 
1 1582 5 
1 1274 1 
1 889 1 
1 2215 1 
1 1629 1 
1 1135 3 
1 2162 1 
1 2330 1 
1 1322 1 
1 0 1 
1 280 2 
1 302 1 
1 1340 1 
1 2262 1 
1 806 1 
1 111 3 
1 807 1 
1 2054 1 
1 1382 1 
1 1622 1 
1 1328 2 
1 2304 1 
1 2272 2 
1 103 1 
1 1280 1 
1 988 1 
1 209 1 
1 207 1 
1 1201 5 
1 1117 2 
1 2392 1 
1 1719 1 
1 990 1 
1 926 1 
1 446 1 
1 11 2 
1 1631 1 
1 2225 1 
1 765 1 
1 100 1 
1 1052 3 
1 613 1 
1 1349 1 
1 1395 1 
1 2148 1 
1 2028 1 
1 1655 2 
1 781 4 
1 206 1 
1 2086 1 
1 2200 1 
1 510 1 
1 95 1 
1 1868 1 
1 368 1 
1 1807 1 
1 1007 1 
1 2040 1 
1 37 2 
1 495 1 
1 782 3 
1 1816 1 
1 1241 1 
1 1194 1 
1 512 1 
1 1724 1 
1 1515 1 
1 859 1 
1 1032 1 
1 1823 12 
1 995 1 
1 1839 1 
1 205 1 
1 480 1 
1 978 1 
1 2093 1 
1 1764 2 
1 443 3 
1 359 1 
1 190 2 
1 1245 4 
1 1957 1 
1 1921 3 
1 819 3 
1 211 1 
1 2484 1 
1 1742 1 
1 1325 1 
1 175 1 
1 454 1 
1 95 1 
1 1251 1 
1 964 1 
1 1533 1 
1 2294 1 
1 440 1 
1 82 1 
1 1649 2 
1 174 1 
1 262 1 
1 604 1 
1 2015 1 
1 1865 1 
1 1777 1 
1 1507 1 
1 1721 1 
1 496 1 
1 953 1 
1 197 1 
1 1393 1 
1 2293 1 
1 2073 1 
1 1087 1 
1 838 1 
1 2197 1 
1 2243 1 
1 1392 1 
1 2382 1 
1 1931 1 
1 2350 1 
1 526 1 
1 1103 1 
1 1969 1 
1 2071 1 
1 1332 1 
1 38 1 
1 2297 1 
1 564 1 
1 36 1 
1 680 1 
1 18 2 
1 1880 1 
1 1243 1 
1 2398 1 
1 1488 1 
1 775 1 
1 845 1 
1 395 3 
1 2004 1 
1 1924 2 
1 718 1 
1 1292 1 
1 1759 1 
1 354 3 
1 1495 1 
1 945 1 
1 1629 1 
1 1290 1 
1 1043 1 
1 1882 1 
1 2256 1 
1 1101 1 
1 1957 1 
1 1957 1 
1 360 1 
1 1483 1 
1 1750 1 
1 2435 1 
1 1634 1 
1 1266 1 
1 1402 1 
1 2287 1 
1 1624 1 
1 1046 1 
1 42 1 
1 145 1 
1 1424 1 
1 2435 1 
1 1860 1 
1 2184 1 
1 154 1 
1 299 1 
1 815 1 
1 108 1 
1 2403 1 
1 680 1 
1 194 1 
1 74 1 
1 1739 1 
1 937 1 
1 1601 1 
1 1403 1 
1 916 1 
1 667 2 
1 2222 2 
1 26 1 
1 1230 2 
1 235 1 
1 2470 1 
1 87 1 
1 1787 1 
1 2006 1 
1 2292 1 
1 272 1 
1 2020 1 
1 1513 1 
1 1447 1 
1 1010 1 
1 2477 2 
1 289 1 
1 1889 1 
1 1609 1 
1 2101 1 
1 424 1 
1 901 1 
1 1942 1 
1 1509 1 
1 250 1 
1 1079 1 
1 966 1 
1 1173 1 
1 172 1 
1 1270 3 
1 1376 1 
1 2408 1 
1 1076 1 
1 549 1 
1 1170 1 
1 2106 2 
1 2281 1 
1 96 1 
1 2112 1 
1 444 4 
1 814 1 
1 496 2 
1 548 1 
1 2300 1 
1 313 1 
1 1235 1 
1 2146 1 
1 2192 1 
1 1980 1 
1 148 2 
1 1124 1 
1 2002 1 
1 1669 1 
1 673 1 
1 511 1 
1 1728 1 
1 1727 1 
1 623 1 
1 562 1 
1 1445 1 
1 1813 1 
1 1327 1 
1 1410 1 
1 1005 1 
1 1933 1 
1 963 8 
1 2133 1 
1 884 1 
1 723 1 
1 758 2 
1 1889 1 
1 418 1 
1 2037 2 
1 1558 5 
1 2321 1 
1 1024 1 
1 1392 1 
1 1289 1 
1 1070 1 
1 1008 1 
1 1995 1 
1 644 1 
1 735 1 
1 2265 1 
1 2192 1 
1 1031 1 
1 429 1 
1 657 3 
1 295 1 
1 2232 3 
1 76 1 
1 852 1 
1 1235 1 
1 998 1 
1 2120 1 
1 1224 1 
1 1649 3 
1 537 1 
1 296 1 
1 2326 1 
1 49 1 
1 1352 1 
1 151 2 
1 2307 1 
1 1958 4 
1 1828 1 
1 1027 3 
1 1680 1 
1 1862 1 
1 788 2 
1 2105 1 
1 299 1 
1 792 1 
1 2296 1 
1 619 1 
1 994 1 
1 789 1 
1 2114 1 
1 1793 3 
1 2420 1 
1 1579 1 
1 222 1 
1 947 1 
1 1478 1 
1 491 1 
1 113 1 
1 290 1 
1 731 1 
1 1917 1 
1 1927 1 
1 1826 1 
1 286 1 
1 522 1 
1 1663 1 
1 65 4 
1 1558 5 
1 2265 2 
1 593 1 
1 1473 2 
1 1407 6 
1 1150 1 
1 399 1 
1 473 1 
1 1725 2 
1 2354 1 
1 1957 1 
1 2192 1 
1 658 1 
1 1804 1 
1 124 1 
1 2302 1 
1 1261 1 
1 32 1 
1 2452 1 
1 2122 1 
1 106 1 
1 382 1 
1 1373 7 
1 917 1 
1 1426 1 
1 59 1 
1 950 1 
1 801 3 
1 2099 1 
1 276 1 
1 1377 1 
1 1596 1 
1 2259 5 
1 1363 1 
1 1432 1 
1 1827 1 
1 385 1 
1 2103 1 
1 541 3 
1 1399 1 
1 2371 1 
1 527 1 
1 1487 1 
1 1417 1 
1 2351 1 
1 292 3 
1 505 1 
1 1227 1 
1 2343 2 
1 284 1 
1 416 1 
1 1203 1 
1 415 1 
1 1347 1 
1 1493 1 
1 685 1 
1 603 1 
1 88 1 
1 2357 1 
1 1129 1 
1 436 1 
1 2404 1 
1 1741 1 
1 277 1 
1 1125 4 
1 2377 1 
1 2135 1 
1 1660 1 
1 62 1 
1 526 1 
1 1542 1 
1 1331 4 
1 2260 1 
1 929 1 
1 949 1 
1 919 1 
1 661 1 
1 1077 1 
1 2108 1 
1 485 1 
1 2402 1 
1 2481 1 
1 325 1 
1 581 1 
1 323 1 
1 413 1 
1 1806 4 
1 790 1 
1 497 1 
1 137 3 
1 977 1 
1 1746 1 
1 1322 1 
1 174 1 
1 2389 1 
1 1442 1 
1 1093 1 
1 2327 1 
1 795 1 
1 2399 1 
1 860 1 
1 1021 1 
1 797 1 
1 1029 1 
1 500 1 
1 1380 1 
1 700 1 
1 1439 5 
1 1947 2 
1 1568 1 
1 950 1 
1 2471 1 
1 1886 1 
1 1849 1 
1 1534 1 
1 521 1 
1 1970 1 
1 2172 2 
1 63 1 
1 1987 2 
1 1510 1 
1 1957 1 
1 1782 1 
1 1990 1 
1 294 1 
1 1717 1 
1 1156 1 
1 535 3 
1 710 1 
1 361 1 
1 693 1 
1 1575 1 
1 2123 1 
1 1 1 
1 2091 1 
1 161 1 
1 438 1 
1 671 1 
1 314 2 
1 2187 2 
1 871 1 
1 196 1 
1 819 2 
1 981 1 
1 36 1 
1 992 1 
1 1758 1 
1 1323 1 
1 247 1 
1 0 1 
1 260 1 
1 2315 1 
1 2340 1 
1 609 1 
1 106 1 
1 1666 1 
1 1988 2 
1 461 1 
1 2150 1 
1 1183 1 
1 2014 1 
1 491 1 
1 1614 1 
1 179 1 
1 1288 1 
1 134 1 
1 489 1 
1 1113 1 
1 2471 1 
1 1694 2 
1 1278 1 
1 1861 1 
1 1577 5 
1 2271 1 
1 1650 1 
1 2286 1 
1 335 1 
1 1236 1 
1 383 1 
1 2263 1 
1 676 1 
1 150 1 
1 626 1 
1 1161 1 
1 1297 1 
1 2205 1 
1 518 1 
1 157 2 
1 1421 1 
1 827 1 
1 400 2 
1 2177 1 
1 318 1 
1 936 1 
1 526 1 
1 1647 1 
1 578 1 
1 787 1 
1 1175 1 
1 793 1 
1 1881 1 
1 2003 1 
1 217 1 
1 891 1 
1 22 1 
1 2193 1 
1 1681 1 
1 803 1 
1 989 1 
1 261 1 
1 2029 1 
1 33 1 
1 2007 1 
1 2146 1 
1 355 1 
1 1644 1 
1 1051 2 
1 278 1 
1 2203 1 
1 449 1 
1 1549 2 
1 2010 1 
1 2328 1 
1 1957 1 
1 1466 1 
1 967 1 
1 2344 1 
1 2478 1 
1 724 2 
1 2356 1 
1 1355 1 
1 1228 1 
1 1662 1 
1 1151 1 
1 1465 1 
1 2462 1 
1 143 1 
1 1899 1 
1 1381 1 
1 2266 1 
1 1618 1 
1 2174 1 
1 1706 36 
1 1821 1 
1 2019 1 
1 2147 1 
1 2027 2 
1 1262 1 
1 1138 1 
1 2442 2 
1 1968 1 
1 1114 1 
1 2115 1 
1 228 1 
1 1222 1 
1 1870 2 
1 2334 1 
1 1430 1 
1 2230 2 
1 907 2 
1 828 1 
1 1108 1 
1 1209 2 
1 1991 2 
1 2136 1 
1 98 1 
1 965 3 
1 153 1 
1 2261 1 
1 1599 1 
1 428 1 
1 377 1 
1 1867 1 
1 2030 1 
1 209 1 
1 2085 1 
1 1335 1 
1 405 1 
1 225 1 
1 80 4 
1 1900 4 
1 174 1 
1 2437 1 
1 1611 1 
1 1241 1 
1 947 1 
1 1456 1 
1 1530 1 
1 146 1 
1 2136 1 
1 143 1 
1 1372 1 
1 1963 1 
1 1912 1 
1 1756 1 
1 2066 1 
1 915 3 
1 238 1 
1 118 7 
1 2024 1 
1 582 1 
1 2013 1 
1 156 1 
1 580 1 
1 2282 1 
1 1195 1 
1 1872 1 
1 649 2 
1 1173 1 
1 1370 1 
1 2303 1 
1 628 1 
1 686 1 
1 1995 2 
1 980 1 
1 783 1 
1 1214 1 
1 463 1 
1 112 1 
1 1133 1 
1 517 2 
1 10 1 
1 2211 1 
1 2370 1 
1 168 1 
1 1321 1 
1 312 1 
1 1207 1 
1 2118 1 
1 2325 2 
1 1189 1 
1 2322 1 
1 162 1 
1 2009 1 
1 2011 1 
1 37 2 
1 1863 2 
1 2227 1 
1 2158 1 
1 2332 3 
1 1639 1 
1 1559 1 
1 1500 1 
1 1966 1 
1 2265 1 
1 2018 1 
1 1178 1 
1 1050 1 
1 751 1 
1 374 1 
1 1371 2 
1 101 1 
1 2045 1 
1 2376 1 
1 1319 1 
1 1749 1 
1 1866 1 
1 1992 1 
1 1155 1 
1 1434 1 
1 1388 1 
1 1336 1 
1 2458 1 
1 1326 1 
1 1342 1 
1 1081 1 
1 1695 1 
1 321 1 
1 1836 1 
1 2199 1 
1 987 1 
1 1529 1 
1 824 1 
1 252 1 
1 484 1 
1 53 1 
1 654 1 
1 1450 1 
1 450 2 
1 662 4 
1 165 1 
1 1246 1 
1 1023 1 
1 299 1 
1 1218 4 
1 1037 1 
1 701 1 
1 2000 1 
1 2432 1 
1 2136 1 
1 410 1 
1 697 1 
1 826 1 
1 696 1 
1 848 1 
1 912 1 
1 2166 7 
1 725 1 
1 2305 2 
1 1130 1 
1 1121 1 
1 78 1 
1 878 4 
1 2410 1 
1 1818 1 
1 1359 1 
1 2206 1 
1 2098 1 
1 1387 1 
1 1584 1 
1 947 1 
1 1277 1 
1 1944 1 
1 2272 1 
1 1296 1 
1 2483 1 
1 2208 1 
1 2359 1 
1 1757 1 
1 2247 1 
1 554 1 
1 1594 1 
1 1190 1 
1 1879 1 
1 40 1 
1 1971 1 
1 1269 1 
1 0 1 
1 2447 1 
1 791 6 
1 303 2 
1 1197 1 
1 1289 1 
1 2059 1 
1 877 1 
1 28 1 
1 1316 1 
1 1455 1 
1 2339 1 
1 1245 2 
1 1102 1 
1 2151 1 
1 674 1 
1 191 1 
1 861 2 
1 870 1 
1 1871 1 
1 247 1 
1 365 1 
1 1788 2 
1 1324 1 
1 920 1 
1 2471 4 
1 1443 1 
1 2181 1 
1 999 1 
1 1580 2 
1 1333 1 
1 1951 1 
1 1016 1 
1 1479 1 
1 2384 1 
1 640 1 
1 352 1 
1 1677 1 
1 72 1 
1 2269 1 
1 945 1 
1 997 1 
1 691 1 
1 2363 2 
1 1637 1 
1 905 1 
1 21 1 
1 1832 2 
1 602 1 
1 189 1 
1 2474 2 
1 519 4 
1 1568 1 
1 1121 1 
1 1856 1 
1 2111 1 
1 176 1 
1 404 1 
1 2160 2 
1 932 1 
1 872 1 
1 1000 1 
1 426 1 
1 1619 1 
1 1900 1 
1 830 1 
1 1276 1 
1 86 1 
1 1084 1 
1 1969 1 
1 333 1 
1 329 3 
1 1529 1 
1 1775 2 
1 1249 1 
1 1620 3 
1 1264 12 
1 660 1 
1 635 2 
1 749 1 
1 1123 1 
1 780 1 
1 204 1 
1 760 1 
1 1648 3 
1 2142 1 
1 1098 1 
1 358 1 
1 1605 1 
1 209 1 
1 2264 1 
1 187 1 
1 2352 1 
1 679 1 
1 1244 6 
1 1047 1 
1 1158 3 
1 1869 1 
1 615 1 
1 629 1 
1 132 1 
1 1762 3 
1 430 1 
1 1737 1 
1 1259 1 
1 885 1 
1 267 2 
1 2058 1 
1 1289 1 
1 2424 1 
1 1158 3 
1 3 1 
1 58 1 
1 2087 1 
1 597 1 
1 160 1 
1 2346 1 
1 2083 1 
1 2192 1 
1 2465 1 
1 2347 1 
1 2423 8 
1 353 2 
1 1159 1 
1 968 1 
1 2304 1 
1 913 1 
1 1140 1 
1 1514 1 
1 1972 1 
1 1416 1 
1 1564 1 
1 563 1 
1 553 1 
1 2040 1 
1 2157 1 
1 1661 1 
1 1239 1 
1 2471 1 
1 400 1 
1 0 1 
1 1928 1 
1 571 1 
1 208 1 
1 89 1 
1 1506 1 
1 1073 1 
1 513 1 
1 173 6 
1 1546 1 
1 1068 1 
1 939 1 
1 1039 1 
1 2459 1 
1 237 1 
1 1385 1 
1 1089 1 
1 2396 1 
1 1704 2 
1 528 1 
1 1532 1 
1 1501 5 
1 1379 2 
1 501 2 
1 1106 1 
1 1918 1 
1 2170 1 
1 1583 2 
1 1269 1 
1 499 1 
1 102 1 
1 201 1 
1 122 1 
1 1432 1 
1 1116 1 
1 722 1 
1 141 3 
1 346 1 
1 79 1 
1 1545 1 
1 479 1 
1 771 1 
1 462 1 
1 1467 1 
1 774 1 
1 344 1 
1 244 1 
1 1330 1 
1 2288 1 
1 607 1 
1 95 1 
1 1622 1 
1 2246 1 
1 2443 10 
1 286 1 
1 557 1 
1 704 1 
1 2186 1 
1 2245 1 
1 1701 1 
1 471 1 
1 1032 1 
1 730 1 
1 1518 1 
1 737 1 
1 2154 1 
1 1074 1 
1 985 1 
1 1616 1 
1 2482 3 
1 1353 1 
1 669 1 
1 1365 2 
1 2372 5 
1 0 1 
1 879 2 
1 1598 1 
1 2301 1 
1 1920 1 
1 830 1 
1 637 1 
1 868 3 
1 610 1 
1 2204 1 
1 893 1 
1 560 1 
1 2258 1 
1 13 1 
1 1734 1 
1 1954 1 
1 539 1 
1 1164 1 
1 0 1 
1 1365 4 
1 1412 1 
1 1003 1 
1 2090 1 
1 66 1 
1 853 4 
1 2414 1 
1 178 1 
1 1128 1 
1 1929 2 
1 2448 1 
1 1463 1 
1 95 1 
1 874 1 
1 2195 1 
1 52 1 
1 2455 1 
1 334 1 
1 2022 6 
1 2076 1 
1 2422 1 
1 2198 1 
1 2081 1 
1 725 1 
1 1816 1 
1 1233 1 
1 2100 1 
1 2234 1 
1 293 1 
1 605 1 
1 1668 1 
1 315 1 
1 652 3 
1 2369 1 
1 1956 1 
1 1784 1 
1 1783 1 
1 1965 1 
1 1670 1 
1 881 1 
1 220 2 
1 942 1 
1 849 1 
1 2131 2 
1 934 1 
1 319 1 
1 2456 1 
1 1227 3 
1 1316 1 
1 2202 1 
1 2421 3 
1 2376 1 
1 447 3 
1 646 1 
1 1592 1 
1 1366 1 
1 1435 1 
1 230 3 
1 1273 1 
1 739 1 
1 1060 1 
1 1066 1 
1 2399 1 
1 1539 1 
1 310 1 
1 1289 1 
1 1316 1 
1 174 1 
1 1595 4 
1 983 1 
1 2331 1 
1 1889 1 
1 616 1 
1 1146 1 
1 1896 1 
1 1714 1 
1 784 1 
1 1071 1 
1 1279 1 
1 1790 1 
1 1026 1 
1 2341 1 
1 331 5 
1 1718 1 
1 389 1 
1 117 1 
1 940 1 
1 322 1 
1 655 1 
1 1472 1 
1 639 1 
1 2199 1 
1 2329 1 
1 2133 1 
1 698 3 
1 1951 1 
1 1385 1 
1 409 1 
1 1517 2 
1 1223 6 
1 1988 2 
1 254 1 
1 31 1 
1 1185 4 
1 2034 1 
1 900 1 
1 2212 1 
1 1079 1 
1 1625 1 
1 1044 1 
1 2445 1 
1 561 1 
1 1292 1 
1 1691 1 
1 1292 1 
1 2219 1 
1 525 1 
1 2165 1 
1 144 1 
1 1349 1 
1 30 1 
1 1009 1 
1 345 2 
1 439 1 
1 1127 1 
1 2125 1 
1 336 1 
1 1569 10 
1 68 1 
1 2103 1 
1 1419 1 
1 1651 1 
1 911 2 
1 9 1 
1 1707 1 
1 1877 1 
1 1004 1 
1 1494 2 
1 1791 1 
1 1824 1 
1 862 2 
1 762 1 
1 1289 1 
1 1095 1 
1 1272 1 
1 1693 1 
1 2376 1 
1 842 1 
1 1926 1 
1 14 1 
1 1107 1 
1 1162 1 
1 1822 1 
1 651 1 
1 1005 3 
1 2116 1 
1 2216 1 
1 2248 1 
1 1726 1 
1 823 1 
1 1709 4 
1 1593 1 
1 2125 1 
1 302 1 
1 2064 1 
1 648 1 
1 2276 5 
1 2418 5 
1 460 1 
1 1314 1 
1 420 1 
1 2090 1 
1 2201 2 
1 2349 1 
1 1624 1 
1 2127 1 
1 188 1 
1 1675 1 
1 929 1 
1 540 1 
1 1300 1 
1 1875 1 
1 236 1 
1 8 1 
1 1606 1 
1 2469 1 
1 867 1 
1 125 1 
1 829 1 
1 300 1 
1 1796 1 
1 2119 1 
1 340 1 
1 637 1 
1 1305 1 
1 2210 1 
1 2036 1 
1 2444 1 
1 851 1 
1 1578 1 
1 1811 2 
1 2289 1 
1 2157 7 
1 866 1 
1 46 1 
1 1565 1 
1 864 1 
1 1182 3 
1 1281 1 
1 1711 1 
1 1809 1 
1 2130 1 
1 686 1 
1 88 1 
1 73 1 
1 1588 1 
1 524 1 
1 1017 1 
1 269 1 
1 0 1 
1 1622 1 
1 517 2 
1 894 1 
1 1502 1 
1 1911 2 
1 136 1 
1 596 1 
1 1192 1 
1 1904 1 
1 1168 2 
1 247 1 
1 1368 1 
1 574 1 
1 1167 1 
1 307 1 
1 1498 1 
1 899 1 
1 550 1 
1 896 1 
1 2435 1 
1 747 5 
1 1974 1 
1 1930 1 
1 2479 1 
1 498 1 
1 1356 1 
1 1671 1 
1 142 2 
1 2169 1 
1 1482 1 
1 1375 1 
1 1522 2 
1 116 1 
1 665 1 
1 1890 2 
1 1099 1 
1 1013 1 
1 445 1 
1 228 1 
1 1198 1 
1 1720 1 
1 1957 1 
1 1623 1 
1 1763 1 
1 948 1 
1 2308 1 
1 534 1 
1 1895 1 
1 593 1 
1 1843 1 
1 1786 1 
1 64 1 
1 1678 1 
1 481 1 
1 923 1 
1 1673 1 
1 1157 1 
1 1072 1 
1 448 1 
1 1475 2 
1 12 1 
1 1573 1 
1 1393 1 
1 2401 2 
1 975 1 
1 2314 1 
1 245 1 
1 423 1 
1 2144 2 
1 1286 1 
1 1309 1 
1 635 6 
1 633 1 
1 750 1 
1 506 3 
1 2400 1 
1 800 1 
1 1907 1 
1 957 1 
1 152 1 
1 897 1 
1 1199 1 
1 955 1 
1 852 1 
1 1041 1 
1 2376 1 
1 2374 1 
1 1887 1 
1 1571 1 
1 1176 1 
1 107 1 
1 43 1 
1 1144 1 
1 1289 1 
1 1423 1 
1 2413 1 
1 658 1 
1 477 2 
1 2088 1 
1 2173 1 
1 958 1 
1 2249 1 
1 388 1 
1 1551 1 
1 2359 1 
1 78 2 
1 219 2 
1 1038 1 
1 1812 1 
1 1699 1 
1 1283 1 
1 1602 1 
1 349 1 
1 1665 2 
1 821 2 
1 465 1 
1 847 1 
1 2141 1 
1 1271 1 
1 529 10 
1 822 1 
1 301 3 
1 266 2 
1 2368 1 
1 2129 2 
1 2186 1 
1 584 1 
1 2460 1 
1 943 1 
1 1376 1 
1 1653 1 
1 2298 17 
1 768 1 
1 63 1 
1 1636 8 
1 2284 1 
1 922 1 
1 856 3 
1 2061 1 
1 1315 1 
1 850 1 
1 2291 1 
1 1265 1 
1 1568 1 
1 1999 6 
1 2170 1 
1 228 1 
1 378 2 
1 1184 1 
1 2025 1 
1 1643 1 
1 1302 5 
1 1137 8 
1 1814 1 
1 984 1 
1 1238 1 
1 2483 1 
1 1436 1 
1 1386 1 
1 343 1 
1 1393 2 
1 398 1 
1 647 1 
1 140 1 
1 1874 1 
1 938 1 
1 121 1 
1 620 2 
1 1122 1 
1 2244 1 
1 1850 1 
1 1874 1 
1 759 1 
1 608 1 
1 2399 1 
1 391 1 
1 743 1 
1 1491 1 
1 2359 1 
1 56 5 
1 819 1 
1 2096 1 
1 432 1 
1 2190 3 
1 110 1 
1 832 2 
1 263 1 
1 387 1 
1 2312 1 
1 94 1 
1 1531 1 
1 951 3 
1 854 1 
1 2433 1 
1 2380 1 
1 1393 1 
1 0 4 
1 299 1 
1 1497 1 
1 1402 1 
1 1842 1 
1 2 1 
1 954 1 
1 2395 2 
1 1799 1 
1 1957 1 
1 1019 1 
1 1893 1 
1 1451 1 
1 1315 1 
1 2012 1 
1 683 1 
1 320 3 
1 1550 1 
1 2161 1 
1 945 1 
1 172 4 
1 442 1 
1 2152 1 
1 2427 1 
1 863 1 
1 317 1 
1 2323 1 
1 805 1 
1 1018 1 
1 1094 1 
1 1298 1 
1 840 4 
1 231 1 
1 766 1 
1 2019 1 
1 1464 2 
1 1936 1 
1 576 1 
1 414 1 
1 1236 1 
1 2348 1 
1 2016 1 
1 1552 1 
1 84 1 
1 843 1 
1 490 2 
1 1350 1 
1 213 1 
1 1096 1 
1 1626 1 
1 1563 1 
1 2117 1 
1 763 3 
1 183 2 
1 1792 3 
1 413 1 
1 2047 1 
1 846 1 
1 362 1 
1 1884 1 
1 630 1 
1 192 1 
1 2251 1 
1 1413 1 
1 2124 1 
1 1118 2 
1 2373 1 
1 1282 1 
1 2325 1 
1 1206 1 
1 1369 1 
1 2325 1 
1 434 1 
1 711 1 
1 1496 2 
1 445 1 
1 2328 1 
1 2056 1 
1 1908 1 
1 408 1 
1 1548 6 
1 543 1 
1 2343 3 
1 688 1 
1 551 1 
1 2454 1 
1 2233 1 
1 2358 1 
1 1303 4 
1 1698 1 
1 2411 2 
1 2273 1 
1 1710 1 
1 291 1 
1 785 1 
1 283 1 
1 155 6 
1 1374 1 
1 1109 1 
1 754 1 
1 2052 1 
1 2274 2 
1 1536 1 
1 1551 1 
1 48 1 
1 2395 2 
1 105 4 
1 1301 1 
1 279 2 
1 2070 4 
1 1841 1 
1 2360 1 
1 1086 1 
1 1743 3 
1 403 1 
1 1200 2 
1 538 1 
1 2313 1 
1 1697 2 
1 1914 1 
1 2126 1 
1 1516 1 
1 757 1 
1 2428 1 
1 2095 1 
1 455 6 
1 982 2 
1 931 1 
1 2261 1 
1 1568 1 
1 835 1 
1 1562 1 
1 951 2 
1 181 1 
1 71 1 
1 1858 1 
1 2136 1 
1 687 1 
1 1329 1 
1 515 1 
1 1307 1 
1 1257 1 
1 168 1 
1 1248 1 
1 1441 1 
1 2411 1 
1 1979 1 
1 2078 1 
1 2461 1 
1 1835 1 
1 226 1 
1 2084 1 
1 2138 20 
1 927 1 
1 2080 1 
1 1011 1 
1 445 1 
1 2109 1 
1 547 1 
1 555 1 
1 933 1 
1 1898 1 
1 1723 1 
1 417 4 
1 1566 1 
1 1935 2 
1 41 1 
1 1152 1 
1 227 1 
1 1040 1 
1 1389 1 
1 617 1 
1 2375 1 
1 2290 1 
1 1061 1 
1 2236 1 
1 2231 1 
1 305 1 
1 2295 1 
1 1712 1 
1 1593 1 
1 232 2 
1 1437 1 
1 348 1 
1 1547 1 
1 1743 2 
1 1751 1 
1 2063 1 
1 1035 2 
1 642 1 
1 2175 1 
1 1193 2 
1 1923 1 
1 1523 1 
1 514 1 
1 2241 5 
1 1293 1 
1 726 3 
1 91 1 
1 483 1 
1 1568 2 
1 2255 1 
1 2136 1 
1 1337 1 
1 1452 6 
1 23 1 
1 1459 2 
1 526 1 
1 1789 1 
1 632 1 
1 945 1 
1 1240 1 
1 2194 1 
1 160 1 
1 1702 1 
1 612 1 
1 1628 1 
1 1527 1 
1 2257 1 
1 2441 4 
1 1957 1 
1 900 1 
1 1420 1 
1 1311 1 
1 1516 1 
1 728 1 
1 308 2 
1 384 2 
1 705 1 
1 2265 1 
1 158 1 
1 1120 2 
1 2417 1 
1 203 2 
1 2049 1 
1 246 1 
1 2074 1 
1 819 2 
1 2240 1 
1 39 1 
1 2387 1 
1 1768 2 
1 169 1 
1 253 2 
1 945 1 
1 1348 1 
1 1316 1 
1 1338 1 
1 1428 1 
1 290 1 
1 210 1 
1 2416 1 
1 1069 1 
1 1143 1 
1 19 1 
1 15 1 
1 614 1 
1 1376 1 
1 1659 1 
1 35 3 
1 2472 1 
1 2439 1 
1 2013 1 
1 1400 1 
1 773 1 
1 996 1 
1 1020 1 
1 1981 1 
1 1005 2 
1 2419 1 
1 401 1 
1 2171 1 
1 1067 1 
1 1876 2 
1 909 1 
1 174 1 
1 706 1 
1 1362 5 
1 811 3 
1 2060 1 
1 908 1 
1 552 1 
1 1988 2 
1 1508 1 
1 1174 1 
1 1078 1 
1 1949 1 
1 2379 1 
1 1339 1 
1 1959 1 
1 1468 1 
1 29 1 
1 2001 1 
1 2333 1 
1 229 1 
1 1743 14 
1 2135 1 
1 1160 1 
1 223 1 
1 643 1 
1 1115 1 
1 255 1 
1 1448 1 
1 1237 4 
1 1067 1 
1 976 1 
1 2325 4 
1 54 1 
1 772 1 
1 636 1 
1 1780 1 
1 1663 1 
1 185 1 
1 865 2 
1 820 3 
1 1945 3 
1 256 1 
1 2335 1 
1 1064 1 
1 2053 1 
1 1200 1 
1 2450 1 
1 1179 1 
1 80 4 
1 304 1 
1 2381 1 
1 288 1 
1 812 1 
1 1785 1 
1 1729 1 
1 533 1 
1 2132 1 
1 55 1 
1 1516 2 
1 1172 1 
1 1760 1 
1 1325 1 
1 472 1 
1 1916 1 
1 119 2 
1 1212 1 
1 2031 1 
1 1401 1 
1 202 1 
1 1679 1 
1 1550 1 
1 170 1 
1 1042 3 
1 458 1 
1 77 1 
1 493 1 
1 773 2 
1 2048 1 
1 2044 1 
1 1250 1 
1 1948 1 
1 1590 1 
1 381 1 
1 798 2 
1 2237 1 
1 1912 1 
1 892 1 
1 2191 1 
1 817 1 
1 45 1 
1 88 1 
1 1692 1 
1 971 1 
1 287 1 
1 953 1 
1 2008 1 
1 396 1 
1 180 1 
1 695 1 
1 1358 1 
1 1778 1 
1 171 1 
1 174 1 
1 682 1 
1 2250 1 
1 1672 1 
1 906 3 
1 592 2 
1 928 1 
1 1186 1 
1 959 1 
1 962 2 
1 1512 1 
1 2094 1 
1 2252 1 
1 1174 1 
1 1058 1 
1 2480 1 
1 1630 1 
1 921 1 
1 215 1 
1 764 1 
1 1320 2 
1 1020 1 
1 386 1 
1 1322 1 
1 1989 1 
1 2046 8 
1 2397 1 
1 2127 1 
1 357 1 
1 2264 1 
1 621 1 
1 2035 1 
1 1748 1 
1 1957 1 
1 1191 1 
1 1935 1 
1 2125 1 
1 1519 1 
1 1295 1 
1 264 1 
1 684 1 
1 1803 1 
1 402 1 
1 70 2 
1 903 1 
1 773 1 
1 2179 1 
1 0 1 
1 2104 1 
1 2087 1 
1 120 1 
1 727 1 
1 248 1 
1 1054 2 
1 2438 1 
1 670 1 
1 858 1 
1 1975 1 
1 1404 4 
1 1289 1 
1 1736 1 
1 1418 1 
1 2183 3 
1 1685 1 
1 1390 1 
1 1910 1 
1 734 1 
1 2089 1 
1 1941 1 
1 2431 1 
1 163 1 
1 829 1 
1 1682 1 
1 1967 1 
1 2102 1 
1 326 1 
1 464 1 
1 1845 1 
1 520 1 
1 2467 1 
1 1782 1 
1 104 1 
1 422 1 
1 1252 1 
1 167 1 
1 2317 1 
1 694 1 
1 143 1 
1 228 1 
1 506 4 
1 186 8 
1 1613 1 
1 351 1 
1 2448 1 
1 882 1 
1 1196 1 
1 7 1 
1 1210 3 
1 972 1 
1 1433 2 
1 1299 1 
1 1105 1 
1 259 1 
1 2097 1 
1 63 1 
1 1859 1 
1 376 1 
1 853 2 
1 133 1 
1 62 1 
1 2069 1 
1 761 1 
1 598 1 
1 1364 1 
1 1162 1 
1 123 4 
1 1226 1 
1 1391 1 
1 241 1 
1 2364 1 
1 1097 6 
1 1829 1 
1 1231 1 
1 1851 1 
1 969 1 
1 625 1 
1 1378 1 
1 880 1 
1 16 3 
1 1627 1 
1 2098 1 
1 2005 1 
1 1820 1 
1 425 1 
1 624 2 
1 1134 1 
1 834 1 
1 533 1 
1 1798 1 
1 1149 1 
1 836 1 
1 979 1 
1 172 2 
1 184 1 
1 1357 1 
1 2079 2 
1 1492 1 
1 2466 1 
1 910 1 
1 1470 1 
1 1037 1 
1 1229 1 
1 494 1 
1 1383 1 
1 1794 1 
1 1235 1 
1 567 1 
1 1786 1 
1 27 1 
1 1833 10 
1 2320 1 
1 1181 3 
1 736 1 
1 1441 1 
1 421 1 
1 1549 1 
1 163 1 
1 224 2 
1 1202 1 
1 1873 1 
1 732 1 
1 1553 1 
1 1306 2 
1 311 1 
1 738 1 
1 796 1 
1 1217 1 
1 721 1 
1 137 2 
1 1177 1 
1 1294 1 
1 85 1 
1 1854 1 
1 1289 1 
1 1307 3 
1 2134 1 
1 243 1 
1 748 1 
1 139 3 
1 944 1 
1 509 1 
1 1128 1 
1 1346 1 
1 2137 1 
1 94 1 
1 2476 2 
1 1950 2 
1 2226 1 
1 1998 1 
1 825 1 
1 1576 5 
1 1771 4 
1 682 1 
1 1940 1 
1 2140 1 
1 1001 1 
1 569 1 
1 1247 1 
1 1943 1 
1 1112 1 
1 1897 1 
1 2043 1 
1 0 1 
1 450 1 
1 1406 2 
1 1817 3 
1 347 1 
1 1082 2 
1 1059 1 
1 1217 2 
1 837 1 
1 2139 1 
1 476 1 
1 1201 4 
1 371 1 
1 367 1 
1 1983 1 
1 61 4 
1 668 1 
1 1341 1 
1 1462 1 
1 1515 1 
1 1738 1 
1 675 4 
1 546 1 
1 1779 1 
1 1765 1 
1 1232 1 
1 2110 1 
1 1903 1 
1 1476 1 
1 1634 2 
1 1996 1 
1 1745 1 
1 1287 1 
1 4 1 
1 272 2 
1 1555 1 
1 2007 1 
1 67 1 
1 2435 1 
1 47 1 
1 2068 1 
1 1149 1 
1 1014 1 
1 1104 3 
1 2017 2 
1 523 4 
1 1360 1 
1 2248 1 
1 802 1 
1 857 1 
1 586 2 
1 1485 1 
1 164 1 
1 1922 1 
1 1554 1 
1 199 1 
1 2267 1 
1 1957 1 
1 330 1 
1 572 6 
1 1526 1 
1 2464 1 
1 1119 1 
1 372 1 
1 1394 1 
1 1694 3 
1 566 1 
1 2275 1 
1 424 1 
1 2463 1 
1 1416 1 
1 1617 1 
1 1216 1 
1 1802 2 
1 2164 1 
1 1954 1 
1 149 1 
1 2077 1 
1 419 4 
1 2383 1 
1 2388 2 
1 1079 1 
1 1477 1 
1 2072 1 
1 30 2 
1 575 1 
1 1556 1 
1 742 1 
1 638 3 
1 1561 1 
1 2359 1 
1 2386 2 
1 1585 2 
1 503 1 
1 559 5 
1 1056 1 
1 467 6 
1 268 1 
1 2067 2 
1 2434 1 
1 1139 1 
1 2247 1 
1 2082 1 
1 946 1 
1 1834 2 
1 1291 1 
1 2032 1 
1 756 1 
1 677 4 
1 1953 1 
1 1535 1 
1 1997 2 
1 397 1 
1 2214 1 
1 534 1 
1 1422 1 
1 83 1 
1 2311 1 
1 712 1 
1 1268 1 
1 1752 1 
1 1846 2 
1 1754 1 
1 659 1 
1 1830 3 
1 729 1 
1 1489 1 
1 1760 1 
1 1299 1 
1 709 1 
1 57 1 
1 1521 1 
1 1281 1 
1 1769 1 
1 1929 5 
1 2223 1 
1 1825 1 
1 611 1 
1 1166 1 
1 34 1 
1 1002 1 
1 1205 1 
1 1225 1 
1 1111 1 
1 1318 1 
1 583 1 
1 733 1 
1 1180 2 
1 2213 1 
1 1169 1 
1 1457 1 
1 2092 1 
1 563 1 
1 240 1 
1 587 1 
1 1713 1 
1 17 1 
1 1317 1 
1 1923 1 
1 1619 1 
1 950 1 
1 755 1 
1 1705 4 
1 1772 1 
1 504 1 
1 1645 1 
1 2155 1 
1 2041 2 
1 2254 3 
1 618 1 
1 2473 1 
1 2430 1 
1 626 1 
1 573 1 
1 914 1 
1 1304 1 
1 2145 1 
1 240 1 
1 492 1 
1 163 1 
1 1429 1 
1 1801 1 
1 273 1 
1 1129 1 
1 1346 1 
1 2316 1 
1 1267 1 
1 166 1 
1 2189 1 
1 961 1 
1 2345 1 
1 242 1 
1 720 2 
1 1090 1 
1 1255 1 
1 487 2 
1 1307 1 
1 468 1 
1 924 1 
1 1812 1 
1 1314 1 
1 699 1 
1 1656 1 
1 424 1 
1 6 1 
1 2217 1 
1 1805 3 
1 808 1 
1 601 1 
1 1878 1 
1 1589 1 
1 634 1 
1 888 1 
1 2207 1 
1 2042 1 
1 1091 1 
1 129 4 
1 327 3 
1 507 1 
1 666 1 
1 1978 1 
1 2167 1 
1 1504 1 
1 883 1 
1 1840 1 
1 411 1 
1 2121 1 
1 1925 2 
1 234 1 
1 1937 1 
1 1165 1 
1 16 2 
1 1690 1 
1 591 1 
1 390 1 
1 585 8 
1 1676 1 
1 60 2 
1 1600 1 
1 1494 1 
1 1242 1 
1 1254 1 
1 2026 1 
1 451 1 
1 1307 1 
1 1142 1 
1 532 1 
1 198 1 
1 2235 1 
1 590 1 
1 1567 1 
1 1848 1 
1 804 1 
1 1700 1 
1 2159 1 
1 1471 1 
1 1615 1 
1 1952 1 
1 366 1 
1 90 1 
1 350 1 
1 99 1 
1 1030 1 
1 1484 1 
1 281 1 
1 1256 1 
1 35 1 
1 97 4 
1 1901 1 
1 1481 1 
1 993 1 
1 2051 1 
1 833 1 
1 339 1 
1 1062 1 
1 1957 1 
1 373 1 
1 469 1 
1 2023 1 
1 2277 1 
1 337 1 
1 1722 1 
1 302 1 
1 558 3 
1 656 1 
1 1753 1 
1 809 1 
1 1147 1 
1 2385 1 
1 960 1 
1 1932 3 
1 1912 1 
1 407 1 
1 182 2 
1 996 1 
1 1633 1 
1 2429 1 
1 1591 1 
1 2365 1 
1 366 1 
1 1938 1 
1 809 1 
1 1747 1 
1 568 1 
1 2242 1 
1 2143 1 
1 645 1 
1 1604 1 
1 536 1 
1 2279 1 
1 299 1 
1 1777 1 
1 1121 1 
1 2221 1 
1 452 1 
1 233 1 
1 1171 2 
1 1733 1 
1 2153 1 
1 1260 1 
1 2220 1 
1 1063 1 
1 702 1 
1 1388 1 
1 1957 1 
1 1384 1 
1 126 1 
1 2440 1 
1 796 1 
1 1743 1 
1 2395 2 
1 1939 1 
1 1946 1 
1 1892 1 
1 265 1 
1 526 1 
1 1322 1 
1 109 1 
1 1852 1 
1 1012 1 
1 2021 1 
1 2268 1 
1 825 1 
1 2098 1 
1 1524 1 
1 595 1 
1 1237 3 
1 714 1 
1 406 1 
1 457 1 
1 1683 2 
1 2319 1 
1 2173 1 
1 1915 1 
1 1228 1 
1 1568 1 
1 2270 2 
1 1864 1 
1 1414 1 
1 1511 1 
1 115 1 
1 1777 1 
1 876 3 
1 1977 1 
1 324 2 
1 1574 1 
1 1080 1 
1 20 1 
1 160 1 
1 2075 2 
1 1398 1 
1 444 2 
1 2409 1 
1 433 1 
1 282 1 
1 531 1 
1 1346 1 
1 952 2 
1 128 1 
1 715 1 
1 745 1 
1 2306 1 
1 1049 1 
1 1909 1 
1 2353 1 
1 0 1 
1 855 1 
1 227 1 
1 1234 1 
1 2399 1 
1 1110 1 
1 973 1 
1 1187 1 
1 2390 1 
1 1167 1 
1 2163 1 
1 416 1 
1 1343 1 
1 2188 1 
1 716 1 
1 818 1 
1 2050 1 
1 2393 1 
1 2470 1 
1 75 1 
1 2308 1 
1 127 1 
1 2346 1 
1 44 1 
1 947 1 
1 1586 1 
1 1045 5 
1 474 4 
1 1221 1 
1 2278 2 
1 839 4 
1 1396 1 
1 1855 2 
1 338 1 
1 746 1 
1 239 1 
1 654 1 
1 2065 1 
1 565 2 
1 740 1 
1 138 1 
1 1284 1 
1 285 2 
1 1906 1 
1 577 1 
1 482 10 
1 962 2 
1 51 1 
1 2426 1 
1 1167 1 
1 844 5 
1 2238 6 
1 1688 1 
1 1844 1 
1 1837 1 
1 2447 1 
1 2297 1 
1 25 1 
1 2209 1 
1 1730 1 
1 1358 1 
1 1241 1 
1 1148 1 
1 1213 1 
1 1460 1 
1 956 1 
1 1361 1 
1 114 1 
1 2149 1 
1 1540 1 
1 1617 1 
1 1393 1 
1 717 2 
1 2359 1 
1 2171 1 
1 1635 2 
1 2361 1 
1 692 1 
1 1215 4 
1 1608 1 
1 1316 1 
1 813 1 
1 1587 1 
1 370 1 
1 1558 4 
1 2366 1 
1 412 1 
1 363 1 
1 1416 1 
1 836 1 
1 1964 1 
1 1411 3 
1 1503 1 
1 156 1 
1 586 1 
1 1703 1 
1 841 1 
1 216 1 
1 1632 1 
1 714 1 
1 2253 1 
1 627 1 
1 898 1 
1 1905 2 
1 887 1 
1 1823 1 
1 869 1 
1 1723 1 
1 779 1 
1 681 1 
1 570 1 
1 786 1 
1 1276 2 
1 478 1 
1 1919 1 
1 1263 1 
1 1118 1 
1 1880 1 
1 1557 1 
1 2239 1 
1 1741 1 
1 1755 8 
1 1815 1 
1 342 2 
1 194 1 
1 622 1 
1 1446 1 
1 2405 6 
1 2046 8 
1 2280 1 
1 918 1 
1 2062 1 
1 2038 1 
1 1732 1 
1 2033 1 
1 1351 1 
1 1346 1 
1 1918 1 
1 270 1 
1 902 1 
1 1132 1 
1 1094 1 
1 1955 1 
1 1707 1 
1 895 1 
1 1982 1 
1 508 1 
1 1520 1 
1 257 1 
1 579 1 
1 741 1 
1 2337 1 
1 1934 1 
1 1288 1 
1 306 1 
1 1022 1 
1 1735 2 
1 2192 1 
1 1453 1 
1 1831 1 
1 1800 1 
1 333 2 
1 1611 1 
1 1033 1 
1 441 1 
1 1427 1 
1 2325 1 
1 1145 1 
1 1055 1 
1 2446 1 
1 1537 1 
1 1310 1 
1 663 2 
1 970 2 
1 63 1 
1 720 2 
1 776 1 
1 2098 1 
1 1570 1 
1 1646 1 
1 249 1 
1 1819 1 
1 1760 2 
1 1275 4 
1 1920 1 
1 2324 1 
1 1220 1 
1 2185 1 
1 1036 1 
1 1285 1 
1 2283 1 
1 1853 6 
1 1976 1 
1 588 1 
1 373 1 
1 1715 1 
1 1544 1 
1 130 1 
1 1543 1 
1 2151 1 
1 166 1 
1 1704 1 
1 1141 1 
1 1885 1 
1 1083 2 
1 1957 1 
1 831 1 
1 1204 1 
1 1393 2 
1 1853 5 
1 2391 1 
1 1860 1 
1 1597 2 
1 1461 1 
1 1920 1 
1 1857 1 
1 545 2 
1 1838 1 
1 1431 2 
1 2113 1 
1 2407 1 
1 767 1 
1 1313 1 
1 653 1 
1 816 1 
1 1279 1 
1 274 4 
1 1048 1 
1 1121 1 
1 1568 1 
1 2228 1 
1 1154 1 
1 599 1 
1 1486 1 
1 574 1 
1 1136 1 
1 777 1 
1 991 1 
1 819 1 
1 1610 1 
1 1449 5 
1 219 2 
1 297 1 
1 271 1 
1 1766 1 
1 373 1 
1 1877 1 
1 190 8 
1 258 1 
1 2449 1 
1 1888 1 
1 1572 1 
1 707 1 
1 2367 1 
1 945 1 
1 42 2 
1 2168 1 
1 1624 1 
1 2182 1 
1 544 1 
1 1686 1 
1 770 4 
1 2136 1 
1 991 1 
1 819 1 
1 2297 1 
1 1920 1 
1 1708 2 
1 364 1 
1 1965 1 
1 2338 1 
1 986 1 
1 2406 1 
1 298 1 
1 1781 1 
1 394 4 
1 753 1 
1 1443 1 
1 1033 1 
1 1088 1 
1 1684 4 
1 1307 1 
1 1528 1 
1 680 1 
1 1322 1 
1 1716 1 
1 220 1 
1 475 5 
1 1131 1 
1 1640 1 
1 466 1 
1 341 1 
1 1894 1 
1 1366 1 
1 600 1 
1 2310 1 
1 1073 1 
1 356 1 
1 271 1 
1 1883 5 
1 1913 1 
1 1098 1 
1 2309 1 
1 1345 1 
1 1208 2 
1 351 1 
1 2327 1 
1 2336 1 
1 1053 1 
1 1973 1 
1 1241 1 
1 1931 1 
1 2098 1 
1 1444 2 
1 690 1 
1 1621 2 
1 1654 1 
1 50 1 
1 599 1 
1 794 1 
1 744 1 
1 2176 1 
1 1622 1 
1 1919 1 
1 922 1 
1 375 1 
1 1962 1 
1 941 1 
1 637 1 
1 1085 1 
1 1581 1 
1 1484 1 
1 470 1 
1 1773 1 
1 1219 1 
1 485 2 
1 24 1 
1 1658 1 
1 435 1 
1 1642 1 
1 1188 1 
1 2136 1 
1 75 1 
1 1860 1 
1 974 4 
1 156 1 
1 1795 1 
1 58 1 
1 2394 1 
1 251 1 
1 159 1 
1 488 1 
1 1891 1 
1 316 1 
1 2168 1 
1 1667 1 
1 1698 1 
1 935 1 
1 1774 1 
1 2299 1 
1 1985 1 
1 2415 1 
1 1696 1 
1 1480 1 
1 160 1 
1 1687 2 
1 1163 1 
1 2465 6 
1 1652 1 
1 240 1 
1 212 1 
1 209 1 
1 530 1 
1 945 1 
1 589 1 
1 1525 1 
1 1744 1 
1 1153 1 
1 392 2 
1 1367 1 
1 417 8 
1 1984 1 
1 1023 1 
1 1755 8 
1 1006 1 
1 664 1 
1 1075 3 
1 1767 1 
1 393 1 
1 1986 1 
1 678 2 
1 1961 1 
1 1126 1 
1 1538 1 
1 453 1 
1 1344 4 
1 1415 1 
1 1541 1 
1 2262 1 
1 1312 1 
1 1308 1 
1 641 1 
1 1409 1 
1 1034 2 
1 1628 1 
1 2156 2 
1 1196 6 
1 5 1 
1 930 1 
1 2412 1 
1 1889 1 
1 1664 1 
1 526 1 
1 2436 1 
1 1258 1 
1 1638 1 
1 437 1 
1 2355 1 
1 1276 1 
1 1657 2 
1 1405 4 
1 379 1 
1 683 1 
1 925 1 
1 81 1 
1 2218 1 
1 1750 1 
1 459 1 
1 886 1 
1 93 1 
1 2475 1 
1 351 1 
1 1187 1 
1 1770 1 
1 1810 1 
1 1731 1 
1 1292 1 
1 890 1 
1 328 1 
1 1490 1 
1 1641 1 
1 69 1 
1 486 1 
1 799 1 
1 719 1 
1 708 1 
1 1847 1 
1 2128 1 
1 95 2 
1 2224 1 
1 2180 1 
1 1235 1 
1 1397 1 
1 2285 1 
1 1100 2 
1 1957 1 
1 135 1 
1 1440 1 
1 1232 1 
1 1408 1 
1 785 1 
1 942 1 
45 3 13 36 1 110 1 159 11 209 2 247 12 261 4 264 1 340 1 363 4 378 7 420 1 502 1 600 2 668 1 729 2 796 9 910 1 972 49 993 7 995 6 1035 1 1057 7 1103 6 1156 12 1196 3 1228 17 1258 2 1266 2 1298 6 1322 4 1358 10 1451 11 1532 1 1725 1 1770 7 1860 3 1953 5 2019 47 2029 4 2034 2 2150 3 2327 2 2343 6 2481 9 
123 3 26 10 2 54 6 66 5 124 8 172 4 208 8 218 9 236 7 244 4 247 15 264 2 314 9 336 3 365 5 368 2 373 99 398 92 453 48 478 3 499 12 565 3 613 1 615 2 642 2 656 8 682 10 684 1 713 1 733 1 738 1 748 43 768 26 810 2 825 10 829 10 837 1 857 1 864 4 865 5 866 1 879 18 884 4 898 1 969 1 973 4 986 12 996 2 1023 9 1123 8 1137 15 1249 3 1255 2 1281 1 1292 10 1332 6 1334 8 1349 2 1350 11 1361 22 1376 9 1385 3 1439 20 1442 1 1461 23 1488 20 1510 2 1545 2 1561 8 1566 11 1569 59 1575 1 1576 2 1579 15 1589 3 1593 5 1609 1 1632 15 1658 56 1667 3 1703 1 1709 22 1715 2 1718 15 1724 1 1741 2 1742 1 1743 1395 1790 1 1804 3 1808 4 1814 2 1817 2 1838 57 1893 1 1901 18 2000 2 2034 6 2095 4 2096 8 2098 1 2110 7 2114 8 2140 2 2149 3 2151 4 2158 2 2198 2 2208 9 2245 4 2267 9 2297 30 2320 2 2322 5 2328 19 2334 1 2336 2 2344 1 2406 51 2420 7 2425 3 2450 2 2481 1 
68 54 1 106 3 127 6 159 11 174 1 187 2 238 14 264 2 291 2 349 3 358 5 371 1 383 2 470 15 552 2 557 2 587 2 588 6 633 13 658 7 669 2 750 2 784 1 829 10 842 12 857 5 859 7 894 2 908 3 992 5 1004 2 1012 3 1057 6 1094 4 1105 3 1129 6 1135 14 1176 6 1252 1 1327 2 1348 2 1350 1 1361 1 1378 1 1386 10 1405 6 1444 7 1488 47 1518 8 1557 10 1623 1 1667 1 1691 1 1806 9 1831 12 1923 6 1934 2 1936 2 2051 6 2128 3 2151 3 2239 12 2282 4 2300 6 2362 11 2363 2 2461 2 2481 9 
58 73 10 83 3 110 3 117 9 209 3 244 5 246 1 247 13 275 2 294 1 483 7 521 3 585 50 600 1 606 1 615 9 675 3 731 1 784 3 857 4 873 1 900 4 983 10 1011 3 1071 5 1103 5 1119 2 1164 12 1165 2 1177 1 1196 3 1205 3 1355 1 1363 6 1382 16 1451 11 1471 12 1478 1 1556 1 1613 1 1688 2 1691 3 1701 1 1777 6 1878 1 1938 2 1970 7 2057 1 2190 2 2214 1 2315 24 2320 6 2327 2 2335 2 2343 8 2352 1 2400 12 2467 3 
26 14 1 35 4 140 12 195 25 232 3 243 3 272 1 485 5 533 4 596 1 618 18 689 1 1013 4 1245 14 1359 4 1477 5 1558 8 1610 13 1611 5 1655 2 1920 29 1931 11 2020 2 2146 4 2278 3 2286 8 
50 25 2 27 1 36 1 42 3 130 1 209 1 221 1 235 2 242 1 247 10 285 2 353 1 377 1 414 2 434 1 461 7 483 1 588 4 606 32 609 1 668 2 851 6 900 2 995 5 1087 6 1256 1 1267 1 1306 7 1322 4 1351 1 1388 3 1454 2 1475 5 1545 1 1591 13 1622 2 1760 3 1795 7 1806 2 1824 1 1856 1 1878 5 1946 4 1962 10 2019 6 2112 4 2151 3 2310 10 2343 8 2476 9 
111 49 3 62 2 162 4 185 2 237 1 262 58 267 1 269 6 314 1 334 23 345 2 353 4 381 2 403 3 407 2 421 1 465 3 467 10 468 6 499 11 560 5 596 1 599 2 610 1 663 80 690 1 721 4 754 1 762 1 770 7 783 9 810 2 816 84 853 29 879 6 887 1 895 61 900 4 902 1 927 12 956 1 978 10 1009 3 1022 3 1094 7 1102 1 1105 5 1137 2 1160 1 1205 5 1222 12 1243 3 1271 2 1283 2 1352 3 1461 27 1476 10 1484 6 1518 10 1520 1 1529 1 1543 11 1554 11 1583 5 1588 1 1593 4 1622 210 1623 4 1646 5 1694 11 1697 8 1704 1 1720 4 1807 1 1825 88 1836 4 1841 1 1844 2 1847 10 1853 30 1867 5 1875 6 1917 5 1926 2 1932 1 1942 1 1965 2 1977 9 2045 5 2089 14 2100 1 2136 21 2145 2 2182 10 2183 2 2190 2 2262 10 2280 18 2295 2 2301 2 2309 6 2318 20 2329 1 2343 2 2373 1 2414 2 2425 2 2439 1 2455 9 2461 1 2481 10 
19 19 10 119 1 214 6 419 1 475 20 476 11 561 14 638 12 698 20 706 12 781 15 1034 9 1097 1 1201 7 1276 6 1365 5 1863 1 2370 2 2423 15 
14 27 1 36 2 166 2 246 1 255 5 336 4 1056 4 1117 1 1410 1 1461 1 1486 2 2036 2 2102 1 2148 1 
48 92 7 95 11 96 11 160 4 162 7 168 10 170 1 174 3 187 1 198 1 246 1 336 8 396 7 548 3 610 1 625 4 687 6 699 5 734 2 816 2 837 6 846 1 857 1 879 30 910 1 912 1 1032 1 1124 1 1346 3 1398 4 1565 2 1607 1 1662 2 1808 1 1810 2 1917 1 2081 1 2096 12 2109 2 2136 18 2170 12 2230 18 2262 1 2329 3 2425 4 2426 5 2462 14 2483 13 
2 1010 1 1314 34 
7 49 3 246 3 786 1 923 6 969 1 1530 3 1565 1 
4 246 3 786 2 987 1 2304 1 
47 12 2 36 1 118 6 127 1 153 1 179 1 209 2 250 1 290 5 336 2 450 9 504 15 795 1 807 9 917 11 1045 6 1090 1 1094 5 1216 2 1238 5 1266 1 1273 1 1322 5 1360 6 1431 3 1461 1 1526 8 1706 41 1760 2 1762 1 1839 5 1859 2 1860 5 1897 8 1922 14 1974 1 1995 13 2034 1 2151 4 2178 2 2214 3 2314 4 2315 15 2339 4 2343 1 2431 1 2481 10 
118 3 25 6 3 10 3 21 7 34 14 36 1 53 14 70 12 124 3 137 5 143 33 174 1 183 1 218 9 236 4 244 5 247 1 291 2 336 3 345 2 357 1 406 2 411 1 416 15 478 2 499 7 546 2 557 2 571 1 583 14 607 3 610 2 615 12 683 3 702 5 715 1 734 2 750 6 796 18 810 2 816 51 829 20 835 4 837 2 842 2 849 1 855 1 868 5 894 3 956 8 968 1 997 1 1020 20 1022 2 1048 14 1092 2 1147 3 1148 2 1176 14 1189 1 1195 9 1205 15 1215 20 1217 1 1274 7 1299 2 1322 2 1345 1 1374 24 1385 1 1391 2 1439 20 1454 10 1488 34 1532 1 1553 3 1554 1 1561 6 1580 14 1609 2 1664 12 1703 34 1718 18 1730 5 1790 1 1808 3 1817 1 1864 1 1892 2 1901 13 1917 1 1963 3 1985 6 2001 7 2013 4 2023 2 2029 3 2034 4 2061 12 2076 3 2090 69 2097 16 2110 7 2132 8 2143 5 2151 4 2171 5 2226 6 2276 3 2283 3 2297 24 2306 2 2336 1 2373 1 2411 8 2450 2 2470 5 2481 12 
55 36 1 110 3 209 4 247 1 261 1 262 86 264 2 270 1 336 4 385 2 501 3 546 2 588 4 600 2 606 45 660 8 700 2 719 4 729 2 795 1 807 2 878 20 882 3 900 5 910 1 995 2 1004 8 1023 1 1057 1 1196 3 1206 18 1256 1 1313 2 1322 5 1337 10 1493 4 1670 3 1683 49 1691 4 1770 5 1860 3 1901 30 1903 4 2064 2 2089 12 2130 3 2137 5 2150 7 2151 8 2220 3 2314 5 2327 2 2352 1 2369 1 2481 17 
110 0 1 17 8 47 14 63 50 76 1 79 29 88 47 156 3 171 80 173 1 228 19 229 6 268 1 286 1 299 60 306 18 319 3 369 168 479 9 507 1 544 5 563 2 569 1 604 1 621 1 651 2 680 44 716 1 749 40 769 1 778 1 808 1 809 50 862 1 901 48 907 34 914 20 931 10 937 3 951 1 952 125 981 1 1040 8 1061 87 1066 99 1072 16 1162 20 1188 3 1191 1 1241 22 1246 1 1261 19 1265 28 1282 29 1316 30 1347 6 1364 1 1379 10 1400 1 1415 1 1441 1 1443 50 1448 8 1458 58 1461 45 1485 12 1487 20 1499 50 1500 1 1502 27 1537 15 1547 1 1594 1 1619 11 1624 53 1628 1 1643 24 1666 50 1676 72 1696 17 1723 72 1744 2 1765 76 1782 1 1816 1 1846 4 1912 13 1939 2 1948 1 1949 29 1954 1 1957 1 1966 79 1989 1 1996 9 2017 1 2040 1 2047 1 2049 1 2052 3 2066 37 2072 1 2098 100 2113 6 2117 2 2152 40 2217 1 2251 24 2448 12 2471 30 
141 3 7 6 1 10 1 23 3 28 17 34 5 58 6 66 6 117 9 123 1 137 5 148 8 196 22 211 10 227 3 236 4 244 5 247 15 269 3 279 49 289 6 312 6 313 19 326 14 333 12 345 4 353 8 364 3 371 1 381 3 403 1 411 2 416 1 468 10 499 8 503 1 597 15 612 11 630 5 641 1 656 1 659 3 664 1 713 1 762 2 819 3 829 1 837 1 853 2 882 1 900 3 924 9 947 2 956 3 975 2 996 1 1021 1 1059 69 1094 1 1102 7 1135 1 1161 5 1172 73 1217 5 1232 1 1238 1 1307 24 1322 1 1333 2 1385 1 1398 2 1412 1 1416 2 1439 1 1457 14 1461 1 1488 1 1498 1 1507 1 1517 7 1518 3 1528 2 1535 5 1553 6 1554 17 1557 21 1561 1 1583 4 1603 1 1649 40 1691 5 1715 2 1718 7 1729 1 1733 37 1783 1 1817 3 1837 1 1838 71 1885 8 1891 1 1926 3 1955 3 1956 1 1977 1 2014 1 2032 1 2033 1 2089 24 2096 11 2109 3 2114 1 2136 20 2145 2 2151 12 2164 8 2167 5 2203 12 2216 15 2236 1 2239 1 2244 1 2267 4 2270 7 2273 2 2291 1 2295 8 2301 3 2307 2 2320 2 2329 1 2374 5 2403 1 2411 12 2414 4 2419 1 2436 7 2455 10 2475 13 2481 1 2483 6 
63 6 1 25 2 65 2 103 1 117 3 123 1 133 3 209 2 244 2 275 7 289 5 303 8 342 4 418 10 420 3 425 2 477 2 478 4 483 2 495 58 525 10 550 14 606 8 731 1 742 14 765 4 775 1 857 4 896 10 922 16 984 1 1020 40 1038 1 1092 2 1095 1 1112 5 1196 1 1253 27 1306 8 1322 4 1323 5 1351 2 1354 6 1358 1 1369 1 1404 1 1455 10 1461 1 1470 7 1622 2 1758 11 1938 1 1973 3 1981 2 2065 10 2119 10 2145 1 2151 4 2314 3 2343 8 2400 1 2467 12 2469 9 
112 10 2 23 3 81 9 117 2 162 1 192 7 200 2 207 3 220 3 239 1 290 5 324 4 339 10 345 1 371 48 388 3 416 15 453 25 468 1 478 4 480 8 499 6 500 42 536 3 537 20 550 7 620 14 623 2 658 3 697 16 719 4 722 4 733 14 762 2 766 2 792 3 799 1 810 2 816 2 826 2 828 19 834 10 879 33 882 6 887 3 922 180 927 10 1002 3 1017 45 1092 4 1109 4 1119 1 1124 2 1137 18 1141 6 1143 4 1171 5 1271 2 1322 6 1349 1 1354 1 1411 1 1423 1 1445 1 1461 26 1484 6 1497 2 1525 6 1551 50 1575 1 1593 4 1603 588 1623 14 1635 12 1695 2 1704 1 1802 15 1808 4 1817 6 1822 2 1838 20 1853 30 1854 1 1867 11 1913 8 1917 6 1926 4 1936 8 1946 1 1951 2 1971 1 1973 3 1988 12 2068 2 2100 1 2136 33 2145 1 2188 24 2227 43 2230 10 2244 4 2259 10 2267 10 2281 1 2283 5 2293 1 2295 12 2318 6 2414 2 2415 48 2425 1 2482 3 
34 12 1 103 17 209 4 242 1 285 5 303 7 336 1 461 3 525 10 556 6 1055 1 1232 35 1258 10 1296 1 1351 1 1543 2 1622 1 1714 1 1810 1 1843 4 1856 1 1862 4 1900 10 1902 4 1927 6 2150 6 2165 3 2226 12 2243 3 2310 16 2335 2 2397 1 2398 7 2466 1 
73 126 4 190 11 216 4 217 12 325 5 337 8 424 18 441 1 486 19 535 48 541 2 542 3 559 12 575 10 579 1 598 40 677 427 692 22 707 12 840 6 852 1 858 13 888 2 944 5 1008 21 1046 10 1067 12 1091 14 1098 4 1111 13 1155 4 1187 15 1230 23 1234 42 1248 5 1254 7 1309 93 1421 13 1446 1 1492 9 1495 21 1582 12 1584 33 1590 7 1645 2 1687 60 1712 3 1766 38 1769 6 1792 18 1881 2 1937 20 1999 1 2009 1 2010 2 2020 6 2027 10 2046 10 2075 16 2103 13 2133 8 2142 23 2218 1 2249 1 2253 30 2254 11 2271 24 2312 2 2316 14 2360 24 2391 6 2435 1 2453 4 
2 1097 223 1452 6 
2 233 40 246 8 
5 56 1 246 1 546 1 2090 1 2413 10 
126 3 20 32 4 42 3 56 10 62 2 64 7 115 1 122 5 124 5 129 20 162 3 174 1 218 5 236 5 244 5 252 2 336 2 343 5 345 3 357 1 388 1 391 2 406 2 448 2 453 48 481 3 499 10 515 3 550 40 588 5 608 6 656 1 658 2 674 1 683 10 691 1 694 1 702 6 776 1 797 14 799 1 816 1 829 3 837 2 841 2 842 22 879 16 885 2 899 32 912 1 918 2 936 6 941 2 958 3 1002 2 1003 2 1032 1 1050 1 1105 3 1123 6 1124 2 1141 12 1158 3 1176 6 1215 20 1244 41 1264 10 1292 2 1306 8 1324 2 1325 5 1354 2 1391 6 1406 25 1426 3 1439 11 1460 3 1461 1 1550 4 1561 8 1566 5 1569 50 1587 1 1609 1 1623 16 1625 52 1646 5 1661 8 1674 4 1691 5 1715 3 1743 20 1775 1 1790 1 1807 2 1808 2 1809 2 1817 4 1829 2 1945 38 2008 6 2014 1 2026 45 2062 2 2067 2 2114 16 2122 6 2124 5 2145 1 2151 3 2158 1 2187 1 2240 49 2261 58 2262 11 2267 4 2282 5 2297 29 2298 34 2311 15 2320 4 2344 1 2355 3 2373 1 2396 2 2425 4 
39 44 40 110 5 127 1 209 4 247 13 261 1 340 1 371 109 472 4 600 2 650 2 789 7 796 14 806 8 910 4 1011 2 1057 7 1058 2 1094 4 1116 2 1158 6 1207 3 1291 8 1322 3 1431 2 1451 5 1465 3 1514 4 1560 1 1770 7 1813 19 1860 3 1977 9 2141 4 2151 12 2314 1 2327 2 2392 1 2481 5 
103 15 20 36 1 56 4 116 2 127 1 159 20 174 1 244 5 336 4 343 1 345 2 368 3 398 18 436 1 488 2 491 1 537 16 560 20 576 2 583 18 584 20 640 3 642 2 675 18 701 11 730 2 734 2 786 5 796 18 797 14 833 15 837 2 850 5 915 19 933 24 956 4 967 1 971 1 986 3 1007 9 1021 22 1057 6 1064 1 1086 12 1092 2 1094 8 1109 3 1135 7 1137 2 1163 2 1174 25 1180 2 1207 2 1292 7 1326 18 1354 1 1362 10 1395 1 1418 2 1439 7 1463 1 1504 4 1528 1 1554 1 1557 20 1593 5 1609 2 1649 9 1691 3 1730 4 1737 12 1752 3 1759 3 1791 22 1820 13 1838 31 1856 1 1893 4 1940 4 1985 8 1988 11 2019 2 2026 7 2034 3 2037 5 2044 22 2094 1 2096 5 2097 2 2110 6 2139 9 2145 2 2151 4 2239 8 2282 4 2295 4 2300 6 2320 2 2322 1 2344 1 2444 15 2466 1 2481 3 
58 25 5 29 1 36 1 42 13 43 3 127 7 133 3 159 33 209 2 246 1 247 14 255 10 262 83 336 4 430 8 588 4 600 2 660 7 732 18 857 4 861 6 878 20 882 2 883 3 900 5 993 1 995 11 1023 11 1057 6 1085 30 1103 6 1149 3 1168 12 1195 14 1219 9 1312 6 1313 4 1461 1 1562 1 1563 3 1615 1 1691 3 1777 7 1841 2 1860 1 1862 12 1897 9 1933 80 1970 8 2034 2 2151 8 2287 8 2327 3 2343 6 2352 1 2353 4 2461 3 2463 15 
175 10 2 23 3 25 1 28 2 46 1 66 1 67 3 75 3 81 43 84 1 112 1 115 29 117 3 127 9 139 8 148 8 162 2 183 1 236 6 237 1 244 5 247 8 262 1 269 8 283 2 287 1 318 18 343 1 345 2 359 3 362 11 371 49 381 1 403 7 405 3 465 2 468 10 481 2 499 7 519 10 557 1 592 1 596 13 636 1 658 1 664 1 702 6 713 2 723 3 755 4 762 4 783 2 792 1 799 2 819 16 834 9 853 21 900 4 912 2 947 3 955 2 996 2 998 2 1002 4 1009 1 1045 18 1105 5 1124 1 1133 6 1137 12 1165 1 1170 1 1173 10 1183 6 1195 9 1217 4 1218 6 1232 33 1249 2 1267 2 1271 5 1283 2 1296 1 1311 1 1349 2 1352 1 1361 8 1385 1 1397 1 1398 2 1423 2 1430 1 1449 26 1461 2 1484 18 1505 8 1518 9 1528 2 1529 4 1549 6 1554 1 1557 8 1578 4 1592 1 1603 9 1607 1 1649 20 1691 10 1704 3 1709 16 1718 5 1733 18 1798 4 1802 10 1817 11 1838 1 1860 1 1867 1 1871 8 1891 6 1899 1 1917 2 1921 23 1924 13 1926 2 1930 2 1932 30 1935 4 1955 2 1977 13 1987 7 2026 43 2032 2 2045 2 2053 14 2059 3 2089 3 2100 3 2101 7 2110 1 2114 6 2122 3 2136 1 2159 12 2164 2 2171 10 2175 10 2184 6 2186 4 2188 29 2201 2 2205 3 2239 6 2244 4 2259 10 2261 2 2269 4 2283 2 2295 1 2301 4 2309 6 2331 4 2343 1 2345 2 2346 4 2354 8 2361 1 2414 1 2425 2 2449 7 2455 17 2462 4 2475 7 2481 1 2484 3 
28 24 4 47 5 163 4 171 8 173 10 412 20 532 1 705 1 749 17 862 50 1040 5 1044 1 1121 98 1191 35 1236 27 1400 57 1485 18 1757 2 1816 126 1884 2 1954 55 1978 17 2049 20 2098 16 2113 3 2156 18 2358 3 2460 14 
70 25 3 27 1 29 3 65 4 209 1 246 1 247 13 266 1 289 6 396 3 406 2 420 1 471 1 611 2 632 4 648 1 649 14 729 2 731 1 844 23 857 4 863 24 900 3 947 2 984 2 995 3 1023 11 1025 12 1092 2 1094 1 1133 4 1165 1 1186 2 1196 3 1322 3 1351 2 1377 38 1404 3 1454 5 1455 8 1461 1 1478 2 1501 6 1534 1 1540 1 1589 1 1622 1 1691 12 1701 1 1714 4 1760 2 1824 2 1856 2 1862 4 1981 2 2065 6 2092 1 2151 6 2233 20 2236 10 2298 48 2310 17 2315 1 2320 2 2343 8 2348 4 2372 4 2382 18 2398 9 2476 20 
93 7 3 49 1 57 5 92 1 115 20 187 1 246 1 277 1 287 1 290 5 324 1 330 2 336 1 345 2 348 6 362 13 388 1 416 1 442 20 446 3 448 2 481 3 499 28 570 14 588 6 592 5 593 9 634 2 635 27 657 25 659 1 747 1 770 12 810 2 816 2 882 1 885 2 912 2 965 15 969 2 994 60 1002 4 1032 11 1092 4 1102 6 1136 2 1137 16 1180 2 1208 3 1332 1 1346 2 1352 3 1498 8 1501 1 1578 10 1586 2 1591 1 1623 20 1665 5 1686 2 1691 12 1694 11 1698 1 1783 1 1807 4 1812 10 1817 2 1926 2 1940 1 1962 1 1988 6 2007 3 2019 1 2021 1 2038 1 2085 1 2090 1 2100 1 2122 1 2136 20 2145 3 2151 2 2201 7 2205 2 2247 1 2301 7 2330 9 2403 2 2426 2 2434 3 2436 7 2454 3 2481 1 
24 16 4 60 4 119 12 331 2 419 5 475 3 476 4 561 8 698 9 706 36 753 1 843 7 1034 1 1097 1 1101 8 1201 2 1276 4 1365 1 1577 23 1805 2 1833 2 2323 2 2370 4 2423 20 
30 65 3 275 4 276 8 336 3 346 8 439 7 461 6 472 2 540 21 552 7 693 11 745 2 756 1 788 2 882 2 980 8 1051 6 1262 14 1263 5 1461 1 1469 6 1564 25 1843 6 1856 8 1901 10 1911 5 2108 10 2151 4 2246 20 2427 4 
1 1997 7 
2 1014 1 2413 7 
5 270 1 699 2 786 3 816 1 1176 3 
6 49 2 246 1 786 8 1092 4 1224 3 2200 1 
118 10 3 26 4 32 4 54 5 136 10 137 5 146 7 181 14 235 1 247 14 274 10 302 5 326 19 336 3 349 10 354 5 364 10 383 3 416 12 478 6 481 1 499 10 560 11 565 4 583 30 599 1 607 1 610 4 655 1 656 6 659 2 682 13 683 5 752 2 759 1 786 2 810 2 816 1 829 10 837 1 879 9 891 1 894 2 912 1 984 1 1035 9 1057 6 1075 4 1094 6 1137 2 1158 5 1176 2 1203 3 1220 4 1223 7 1255 2 1260 1 1264 3 1281 2 1322 130 1330 7 1349 2 1357 17 1361 13 1374 24 1395 2 1427 5 1439 18 1442 3 1444 14 1540 3 1561 6 1565 1 1575 2 1593 5 1609 1 1621 2 1625 33 1651 1 1671 1 1674 2 1708 20 1718 4 1729 2 1741 2 1808 4 1809 2 1813 14 1853 2 1854 1 1903 2 1926 4 1958 2 1969 6 1985 8 1991 3 2034 3 2059 8 2067 4 2095 2 2096 9 2110 9 2144 11 2151 4 2187 8 2246 11 2279 2 2282 4 2295 4 2320 2 2344 1 2355 2 2387 3 2402 2 2425 1 2440 4 2461 3 2481 10 
47 36 2 43 4 127 9 205 3 209 4 224 3 247 14 250 1 358 6 430 6 461 8 474 3 660 3 663 20 882 5 910 1 1018 2 1023 15 1057 6 1094 7 1103 2 1192 8 1196 3 1253 1 1322 5 1382 6 1439 5 1587 2 1601 8 1612 1 1706 5 1770 6 1775 30 1860 3 1870 5 1903 6 1953 7 1977 14 2034 5 2141 8 2150 2 2151 8 2202 2 2398 2 2440 4 2463 17 2481 6 
78 3 5 127 6 133 2 146 7 174 1 225 10 244 5 247 9 262 99 311 60 336 2 358 6 389 1 463 1 484 9 510 14 610 1 628 4 708 4 744 2 797 13 811 3 837 2 838 2 841 1 933 9 939 4 953 17 961 8 992 4 1019 1 1028 1 1104 9 1146 9 1176 6 1207 3 1214 1 1243 2 1255 2 1266 2 1270 3 1274 6 1295 3 1317 9 1328 10 1354 3 1361 8 1374 4 1377 10 1405 16 1439 1 1461 18 1463 1 1509 50 1576 2 1586 1 1635 3 1691 5 1749 2 1761 5 1779 20 1838 6 1893 3 1943 7 1985 4 1988 5 2016 17 2074 5 2081 1 2114 8 2125 69 2151 2 2239 8 2255 9 2320 2 2457 3 2461 12 2481 5 
59 81 19 92 1 93 1 130 1 172 50 179 1 209 1 244 5 247 13 336 4 358 6 371 26 377 1 385 1 420 2 489 7 502 1 562 1 588 4 606 1 624 10 696 1 731 1 844 20 878 20 882 1 902 5 910 3 995 5 1001 2 1023 10 1177 1 1196 3 1205 1 1256 2 1382 16 1410 1 1432 2 1455 10 1456 14 1501 5 1587 1 1606 5 1691 10 1710 1 1777 1 1878 5 1897 13 1938 2 2141 8 2148 1 2151 4 2223 1 2304 1 2320 6 2343 8 2364 19 2397 4 2473 4 
112 9 2 23 3 33 2 46 1 49 1 127 20 148 10 191 7 218 7 237 1 262 20 269 1 362 22 381 2 399 4 403 15 432 8 463 1 467 10 468 10 481 1 488 3 499 11 519 10 599 2 641 1 654 37 696 1 713 1 714 10 722 10 747 26 754 1 762 2 770 1 792 2 810 2 857 6 879 5 900 8 933 23 949 4 971 1 1000 6 1033 21 1073 8 1102 5 1154 7 1158 2 1192 2 1205 8 1283 2 1290 3 1292 1 1311 15 1333 2 1349 1 1354 1 1398 2 1419 2 1439 3 1484 2 1518 1 1525 8 1530 2 1554 1 1557 7 1574 3 1623 12 1669 7 1677 3 1704 6 1718 7 1783 2 1807 1 1811 2 1817 8 1825 4 1871 2 1885 4 1893 1 1917 5 1932 15 2013 4 2071 1 2097 1 2100 1 2101 7 2109 5 2124 1 2136 27 2173 7 2201 1 2239 17 2258 33 2262 5 2264 11 2285 18 2288 1 2295 6 2309 11 2318 8 2319 14 2332 13 2345 2 2346 6 2352 1 2414 1 2419 2 2434 1 2455 17 2481 12 
51 12 1 25 3 197 1 209 4 247 13 275 10 289 4 406 1 461 1 472 8 588 2 661 4 688 1 731 3 857 6 900 4 995 5 1018 3 1035 17 1055 1 1087 3 1092 2 1100 2 1117 2 1256 1 1263 3 1267 3 1274 3 1312 14 1322 1 1351 2 1404 5 1461 1 1608 3 1622 4 1714 1 1760 2 1818 1 1843 2 1915 1 1946 3 1973 6 2001 4 2151 3 2186 5 2239 1 2306 3 2310 9 2343 8 2377 1 2476 20 
28 214 1 331 3 419 18 475 40 558 10 590 8 698 42 706 12 781 8 843 2 886 9 946 1 1193 7 1201 4 1275 24 1365 9 1568 6 1577 6 1719 4 1755 31 1793 27 1805 8 2002 12 2323 3 2347 4 2370 2 2395 19 2464 4 
65 7 2 36 1 49 1 57 8 92 1 174 3 207 1 246 1 290 1 336 4 345 2 362 5 468 1 514 1 627 8 641 1 658 3 684 2 691 1 734 4 772 1 780 11 813 1 816 2 859 1 879 10 880 2 922 190 933 26 961 1 1002 4 1032 4 1037 17 1124 2 1137 16 1273 1 1327 1 1346 1 1397 4 1457 2 1483 1 1561 6 1574 5 1817 8 1853 8 1897 1 1958 8 1987 5 2033 2 2034 1 2036 59 2096 7 2100 1 2198 1 2205 1 2239 8 2244 1 2329 1 2331 10 2379 2 2383 1 2414 1 2427 2 2459 2 2481 2 
19 36 1 65 2 246 2 255 7 336 4 385 3 418 3 461 1 688 36 765 2 1295 5 1296 1 1461 1 1788 8 1813 5 1869 4 2029 1 2112 1 2148 1 
20 37 5 119 10 214 6 419 1 455 27 475 1 476 4 529 19 638 12 698 4 706 3 1034 13 1101 1 1185 27 1276 6 1365 3 1577 9 2370 2 2423 2 2433 2 
2 857 156 1010 1 
4 1079 5 1398 1 1728 89 2036 1 
3 786 3 1536 2 1699 5 
51 3 20 6 1 43 2 44 44 159 38 209 4 223 1 247 1 275 4 336 3 372 1 450 15 460 8 463 3 606 20 715 3 784 5 806 5 900 1 910 1 1057 6 1103 4 1117 2 1158 5 1206 29 1216 2 1302 1 1322 1 1431 2 1512 2 1554 17 1679 1 1710 3 1760 1 1762 1 1860 3 1897 12 1953 7 2004 9 2034 5 2086 1 2114 2 2134 2 2164 5 2303 1 2392 2 2440 4 2443 4 2461 4 2467 3 2481 11 
125 3 26 10 2 21 2 42 11 54 6 66 5 67 4 69 13 115 20 116 6 133 2 137 5 141 400 164 1 183 2 184 10 244 5 247 15 256 15 314 1 345 4 416 20 466 1 469 19 499 9 510 1 546 2 553 2 565 6 568 2 580 2 583 21 587 1 636 2 652 46 683 2 713 1 723 3 731 1 734 2 759 1 810 1 829 20 837 1 903 1 912 1 961 3 966 2 1035 8 1080 2 1092 2 1124 2 1135 8 1164 1 1176 6 1203 2 1214 1 1247 1 1255 1 1268 2 1280 5 1294 2 1299 1 1322 150 1327 5 1349 2 1361 5 1370 6 1374 19 1427 1 1439 13 1442 1 1453 4 1454 10 1461 28 1488 33 1489 11 1529 2 1533 7 1540 1 1561 10 1579 2 1593 5 1609 1 1658 47 1691 2 1708 5 1736 1 1741 1 1790 1 1804 6 1808 2 1864 1 1873 6 1885 10 1897 10 1936 2 1952 3 1985 4 1988 4 2007 3 2038 3 2059 4 2074 8 2096 11 2151 4 2174 2 2208 17 2239 10 2265 14 2277 1 2279 2 2282 4 2295 10 2300 6 2320 1 2322 13 2343 12 2344 1 2371 30 2410 3 2416 35 2425 4 2450 1 2481 7 
61 27 1 36 2 61 14 65 4 83 2 106 4 110 2 209 4 247 14 270 1 303 6 320 5 336 2 340 1 482 16 586 12 588 4 600 2 674 1 675 20 731 1 767 2 807 5 835 1 836 12 910 2 995 5 1023 4 1025 92 1057 1 1090 3 1195 10 1206 21 1247 1 1260 1 1322 4 1461 4 1481 2 1652 1 1691 3 1775 4 1784 1 1835 8 1845 2 1852 7 1855 2 1860 1 1901 2 1953 5 1977 2 2057 4 2151 4 2195 4 2223 1 2232 8 2314 3 2320 2 2327 2 2397 4 2476 10 2481 10 
14 0 2 63 1 88 1 173 1 518 4 569 593 862 2 1289 631 1379 2 1441 1 1948 3 2040 1 2098 1 2471 1 
56 42 14 65 8 99 1 103 2 172 26 209 4 231 3 244 2 275 10 296 1 320 1 346 2 420 1 449 3 483 2 495 2 609 1 637 11 731 1 844 8 857 4 900 2 922 5 1001 1 1035 13 1049 2 1095 1 1103 9 1119 1 1199 1 1203 2 1253 3 1301 13 1312 1 1319 1 1322 8 1337 5 1404 1 1454 1 1461 1 1474 1 1531 2 1562 1 1622 3 1680 3 1688 1 1869 14 1914 7 1981 1 2019 13 2034 5 2151 16 2343 2 2352 1 2440 1 2467 2 
82 117 6 127 20 159 23 178 10 183 3 224 1 227 4 231 1 313 1 314 1 345 2 405 1 416 2 482 1 498 1 499 1 588 1 708 1 734 4 770 2 796 2 829 1 900 2 933 1 1021 92 1037 2 1057 6 1094 8 1102 8 1103 1 1137 18 1158 4 1178 1 1290 1 1298 6 1327 10 1361 8 1398 2 1409 1 1416 1 1453 3 1484 2 1494 5 1529 1 1554 1 1557 6 1603 2 1633 2 1708 1 1718 2 1729 3 1733 35 1758 1 1847 12 1853 1 1926 1 1936 4 1977 16 1988 1 1993 2 2029 2 2034 1 2090 1 2101 9 2114 1 2122 2 2136 1 2138 2 2150 1 2151 10 2244 1 2272 144 2288 1 2295 10 2297 7 2322 2 2343 304 2411 11 2425 1 2447 66 2450 4 2481 6 
116 20 28 127 13 148 6 165 13 175 12 191 12 224 1 237 2 287 2 289 1 290 3 314 18 334 3 336 3 345 3 348 9 371 45 397 9 403 1 417 24 467 8 468 29 472 7 493 20 499 9 519 2 520 4 521 1 550 40 566 2 583 40 596 11 602 9 664 1 679 1 681 3 702 3 719 2 722 2 752 1 762 2 792 4 810 2 813 3 816 1 882 1 884 1 900 3 927 4 1011 2 1092 4 1137 2 1143 1 1165 1 1171 8 1182 16 1203 6 1271 5 1273 1 1290 6 1308 2 1322 1 1324 1 1328 2 1336 2 1342 1 1346 1 1352 3 1374 30 1383 4 1398 2 1406 30 1484 8 1525 11 1528 2 1557 20 1603 240 1607 2 1625 2 1697 8 1708 52 1709 11 1710 1 1721 2 1733 23 1781 1 1807 4 1808 2 1817 7 1821 5 1825 79 1838 1 1847 15 1853 21 1888 1 1926 1 1942 23 1993 13 1998 1 2030 10 2033 1 2089 2 2100 1 2109 10 2122 1 2136 26 2151 2 2186 4 2239 18 2267 10 2283 4 2343 8 2414 2 2416 1 2455 7 2483 7 
32 25 2 153 1 175 4 209 12 234 1 253 58 275 11 384 27 411 1 611 1 851 2 1035 23 1055 2 1154 4 1199 3 1213 14 1226 2 1256 3 1267 7 1306 8 1312 3 1381 7 1388 5 1592 21 1620 1 1622 4 1714 1 1760 1 1832 1 1976 4 2034 1 2151 4 
96 126 4 128 12 204 1 216 46 217 12 245 6 272 1 288 6 297 2 325 22 424 30 441 12 444 68 541 8 547 3 559 23 579 2 598 35 601 1 605 7 643 2 678 7 692 24 695 10 703 6 736 1 746 1 763 53 777 4 790 4 814 1 820 6 852 2 858 22 874 24 913 3 920 30 944 1 970 31 974 1 1046 15 1063 52 1067 24 1091 29 1150 6 1155 2 1187 8 1230 12 1245 1 1248 6 1309 48 1353 3 1373 72 1390 2 1392 3 1420 52 1421 12 1446 22 1464 2 1495 101 1511 14 1572 5 1595 4 1645 1 1684 1 1687 5 1712 5 1713 5 1766 15 1769 12 1785 4 1797 14 1881 1 1887 23 1937 4 1999 8 2005 17 2009 98 2012 9 2020 6 2063 1 2073 1 2116 1 2179 9 2235 2 2249 2 2253 60 2256 2 2257 33 2302 33 2360 2 2421 6 2428 1 2429 11 2435 1 2441 12 
35 25 1 92 2 96 109 141 75 162 1 235 1 246 50 247 407 321 1 336 4 345 3 411 6 586 2 659 1 742 1 795 1 810 1 816 60 879 1 922 127 1074 63 1092 1 1130 1 1279 1 1314 37 1451 1 1607 5 1609 3 1659 2 1820 1 2082 5 2151 177 2229 1 2339 1 2343 83 
6 51 1 426 1 698 29 1201 4 1452 6 2423 340 
7 49 3 361 1 816 1 1530 1 1794 12 2324 10 2413 8 
3 546 1 713 1 1015 4 
85 6 10 56 7 122 5 162 8 174 2 183 1 184 39 236 5 247 9 269 3 284 4 333 6 336 3 417 86 453 23 584 14 596 11 658 10 683 5 712 2 713 1 733 8 806 2 815 4 829 13 842 7 850 12 879 17 912 2 936 59 943 10 958 7 965 15 976 1 1002 2 1032 2 1042 1 1124 2 1158 6 1190 2 1232 37 1233 3 1290 6 1307 41 1358 16 1361 11 1385 2 1423 1 1427 5 1435 10 1439 20 1473 5 1483 1 1510 2 1529 5 1533 5 1640 82 1646 3 1665 1 1691 12 1738 1 1817 1 1871 3 1875 6 1876 1 1891 8 1901 18 1903 2 2007 3 2008 5 2035 3 2101 9 2105 2 2110 8 2122 6 2151 8 2162 8 2224 7 2244 1 2261 2 2269 3 2307 3 2318 12 2355 3 2373 3 
44 36 1 44 9 71 1 209 2 247 13 261 1 336 2 340 1 402 5 461 4 588 4 600 2 658 4 794 5 900 4 906 3 910 3 967 3 1103 5 1158 7 1192 4 1256 2 1258 2 1322 2 1461 1 1622 4 1634 1 1668 2 1688 2 1770 7 1828 5 1856 5 1860 4 1897 4 2034 1 2141 8 2151 4 2185 4 2224 3 2327 2 2392 1 2440 1 2463 24 2481 1 
120 3 11 10 1 36 1 53 19 56 7 66 3 123 8 133 2 137 6 143 10 174 1 183 2 187 2 244 5 274 16 276 10 330 1 333 12 336 3 345 2 350 1 371 168 406 1 411 1 416 2 436 6 467 3 490 1 527 2 560 2 571 1 580 1 615 9 647 4 658 7 734 3 737 40 797 12 802 6 811 2 837 2 871 6 887 7 934 2 943 4 957 4 992 3 996 1 1004 2 1062 3 1084 3 1092 2 1094 2 1109 13 1133 4 1292 13 1295 6 1299 8 1322 250 1348 1 1350 8 1361 12 1374 1 1389 1 1405 20 1426 2 1439 9 1461 19 1528 2 1554 19 1557 7 1566 4 1593 5 1609 2 1627 4 1649 20 1653 3 1672 19 1691 5 1715 4 1730 5 1737 36 1829 3 1838 46 1885 5 1914 2 1915 1 1916 4 1917 3 1944 1 1960 2 1985 8 1991 10 2034 2 2096 12 2110 2 2114 8 2140 3 2145 2 2151 2 2176 8 2183 4 2219 1 2239 20 2279 2 2289 1 2294 1 2295 6 2297 28 2320 2 2322 1 2336 2 2344 1 2385 6 2411 10 2430 7 2450 2 2461 8 2470 4 2481 24 
65 101 2 106 20 109 7 209 1 244 1 247 14 262 1 270 2 296 1 303 1 328 2 371 6 420 1 477 3 478 3 483 8 586 2 588 3 600 2 623 5 709 5 742 38 793 2 857 4 860 3 861 1 910 2 995 5 1057 3 1085 10 1090 1 1139 1 1159 4 1164 5 1255 2 1301 13 1312 1 1322 1 1332 3 1382 10 1461 2 1501 1 1585 12 1691 6 1725 20 1753 1 1832 2 1841 1 1860 2 1878 5 1897 11 1903 4 1970 6 1977 31 2019 11 2034 5 2086 3 2150 2 2151 4 2314 1 2327 2 2343 8 2386 5 2392 1 2476 10 
193 3 12 10 2 46 1 49 1 50 10 56 4 66 1 127 6 148 9 178 2 180 2 187 3 211 1 220 3 224 4 227 10 237 2 239 6 247 10 261 4 269 3 289 6 292 11 330 3 345 2 403 10 408 13 416 3 423 4 429 4 432 6 438 8 446 2 454 8 468 10 478 3 497 40 499 3 509 1 519 3 522 1 596 1 610 2 630 2 658 4 659 3 664 1 702 10 733 20 744 2 755 12 772 2 780 2 787 6 792 3 819 8 828 1 853 25 856 10 857 6 864 2 866 2 884 2 900 7 902 7 912 1 927 8 933 25 996 2 1007 3 1011 1 1021 40 1023 14 1037 85 1060 1 1092 1 1102 1 1119 2 1124 1 1133 4 1158 3 1192 2 1195 4 1203 6 1205 4 1217 5 1249 3 1250 10 1271 9 1283 2 1295 3 1311 5 1333 2 1346 2 1349 2 1361 1 1398 2 1413 1 1431 1 1454 20 1461 4 1462 43 1466 5 1469 6 1484 1 1498 3 1505 8 1507 1 1514 2 1518 1 1525 11 1530 1 1536 1 1549 2 1553 1 1554 17 1593 5 1597 21 1603 23 1607 1 1646 9 1649 19 1690 5 1691 5 1703 13 1727 4 1729 7 1733 1 1791 1 1801 3 1817 2 1838 69 1847 11 1853 15 1871 1 1876 1 1893 3 1917 4 1921 16 1926 1 1930 1 1933 1 1936 1 1942 4 1955 4 1977 2 2019 5 2032 3 2033 1 2035 6 2045 3 2061 5 2089 4 2100 1 2109 1 2122 3 2136 20 2139 13 2150 6 2164 6 2171 1 2188 6 2201 8 2203 14 2205 4 2207 19 2216 37 2244 1 2261 1 2262 1 2267 10 2270 2 2288 2 2291 5 2295 11 2301 1 2309 6 2318 2 2331 1 2332 2 2343 6 2346 13 2361 1 2380 3 2404 2 2411 11 2414 1 2418 20 2455 9 2461 8 2462 1 2481 1 2483 4 
90 4 7 17 3 63 1 77 27 79 23 94 2 144 4 163 19 171 19 173 58 189 4 280 46 286 48 332 10 347 7 366 19 375 5 412 21 445 9 526 54 569 1 604 10 621 7 651 3 680 67 705 3 716 3 749 20 769 13 808 6 809 68 862 57 897 4 914 36 929 1 935 2 951 3 1040 9 1121 1 1188 4 1191 69 1246 11 1287 1 1293 5 1303 36 1338 15 1364 1 1372 9 1393 97 1400 7 1414 5 1415 24 1441 7 1443 59 1485 27 1487 18 1499 1 1500 3 1502 1 1516 25 1537 13 1596 1 1673 42 1696 10 1744 18 1765 6 1782 71 1816 21 1846 4 1851 26 1884 7 1889 16 1948 3 1949 36 1954 20 1978 57 1982 2 1989 6 2017 25 2040 5 2047 72 2052 8 2066 3 2104 5 2152 1 2217 5 2225 4 2251 40 2389 54 2437 47 
70 25 1 36 1 101 4 103 1 211 4 224 3 244 4 247 13 255 10 262 3 307 3 336 2 406 1 418 4 429 10 483 7 525 10 588 4 648 1 661 3 731 1 751 3 839 2 857 1 863 9 878 14 900 3 916 2 995 5 1021 1 1069 1 1087 6 1149 3 1196 3 1205 3 1256 2 1302 2 1306 3 1312 2 1322 4 1356 1 1358 1 1384 2 1403 7 1404 5 1461 1 1469 12 1471 1 1621 1 1622 5 1701 1 1725 7 1788 2 1877 10 1901 16 1915 3 1928 7 2019 1 2034 2 2151 4 2176 2 2236 20 2263 9 2310 18 2314 3 2320 2 2343 8 2352 1 2467 11 2474 1 
110 6 10 9 4 20 37 23 5 49 1 92 3 115 9 127 18 134 1 139 28 234 4 236 4 246 1 267 1 270 1 308 7 330 3 345 3 348 9 399 2 411 1 417 70 429 5 438 1 465 5 467 18 468 13 478 4 480 6 481 3 493 35 499 8 524 1 641 1 657 4 658 7 880 29 924 11 927 9 936 39 987 1 1032 8 1033 44 1053 13 1092 6 1102 3 1137 18 1239 1 1250 3 1297 1 1325 1 1328 3 1336 1 1346 1 1349 4 1352 7 1385 1 1455 10 1481 1 1488 34 1497 1 1525 4 1554 12 1575 2 1583 2 1635 3 1663 13 1691 6 1708 1 1783 4 1809 2 1817 8 1822 1 1836 1 1867 1 1942 6 1988 6 2008 5 2021 2 2036 3 2090 4 2091 3 2096 5 2100 1 2122 6 2136 6 2145 1 2151 27 2188 20 2203 79 2205 3 2216 46 2258 14 2261 8 2266 2 2273 1 2295 3 2297 1 2301 4 2321 8 2331 7 2332 15 2346 3 2381 1 2403 1 2422 4 2446 2 2454 3 2456 1 2481 11 
22 27 2 255 10 342 7 410 6 461 3 483 6 611 1 836 15 916 1 938 5 1253 1 1258 12 1331 3 1461 1 1834 18 1856 2 2089 9 2151 3 2239 15 2310 10 2407 1 2460 1 
20 272 4 485 1 533 16 618 11 726 8 728 8 827 9 1002 4 1013 1 1043 7 1150 46 1179 67 1181 1 1359 2 1384 1 1920 23 2020 2 2073 1 2146 175 2378 5 
1 786 1 
3 246 4 395 15 1494 20 
126 3 26 6 1 10 1 32 5 54 6 56 4 66 3 107 6 116 5 125 1 162 4 181 7 183 2 244 5 251 10 262 54 279 5 291 2 314 20 336 3 345 2 416 5 438 4 448 1 484 1 499 8 550 39 555 1 560 20 583 9 615 14 646 2 656 2 659 3 662 1 674 2 682 11 683 4 691 1 702 8 713 1 798 3 800 2 816 1 829 5 842 8 866 2 912 1 957 4 969 2 984 1 1014 14 1022 2 1023 16 1077 10 1084 3 1093 4 1102 3 1124 2 1200 75 1281 1 1290 3 1319 18 1324 3 1327 5 1345 2 1350 9 1361 5 1374 30 1395 2 1405 12 1439 14 1505 10 1510 1 1519 99 1520 1 1528 1 1533 13 1557 10 1566 6 1569 40 1576 18 1602 1 1605 5 1609 2 1649 18 1708 14 1726 4 1741 2 1743 37 1789 9 1790 1 1791 9 1807 1 1808 3 1809 2 1817 4 1831 20 1838 59 1839 4 1840 2 1853 5 1923 12 1926 1 1985 2 1988 5 2000 6 2034 5 2059 3 2101 7 2124 23 2136 11 2151 4 2173 41 2239 8 2250 2 2267 10 2290 3 2318 24 2320 2 2344 1 2365 12 2366 2 2406 21 2450 6 2481 9 
47 127 15 209 2 223 5 247 15 254 2 275 8 336 4 367 1 420 3 471 8 563 1 586 18 588 1 660 9 783 4 836 20 839 4 878 11 900 2 910 1 1011 1 1035 23 1057 6 1090 3 1094 7 1103 6 1158 4 1165 7 1291 1 1322 5 1341 3 1439 10 1461 4 1501 5 1532 3 1608 4 1691 3 1860 3 1872 13 1953 2 2034 5 2077 2 2086 1 2150 6 2397 1 2473 1 2481 20 
50 25 3 45 8 72 2 101 1 133 3 209 3 247 13 270 1 275 8 278 2 296 2 328 3 461 2 505 1 606 20 754 2 870 4 900 5 910 2 995 5 1020 59 1023 14 1085 18 1195 18 1196 1 1285 3 1301 21 1302 12 1319 2 1332 1 1404 3 1461 5 1478 2 1668 1 1683 10 1725 27 1760 3 1938 2 1958 6 2034 1 2124 3 2141 15 2145 3 2150 5 2151 4 2246 20 2315 70 2320 2 2343 1 2478 2 
99 26 1 34 4 36 1 112 1 123 27 124 1 127 20 131 1 174 1 175 26 183 2 208 17 231 10 244 5 262 25 264 2 291 3 318 6 336 4 467 9 470 6 484 8 488 3 499 8 508 4 537 8 572 2 675 4 708 11 713 1 735 6 747 8 786 2 823 2 857 5 885 2 912 1 919 28 964 9 998 3 1057 5 1094 6 1104 1 1131 2 1173 51 1176 7 1195 9 1207 30 1225 6 1268 1 1274 6 1327 6 1328 16 1350 6 1374 23 1401 15 1405 7 1426 1 1429 4 1454 10 1461 19 1476 20 1486 1 1488 50 1540 4 1557 8 1569 7 1609 1 1617 4 1637 1 1660 10 1681 29 1691 5 1804 4 1819 3 1828 1 1829 3 1858 6 1896 1 1950 6 1985 2 1988 5 1991 7 1992 3 2031 19 2034 5 2041 2 2107 1 2139 7 2151 4 2176 3 2206 3 2226 21 2239 12 2267 7 2296 12 2320 2 2355 1 2481 7 
146 10 2 52 42 56 2 66 5 68 5 95 2 113 10 132 6 148 9 162 4 164 3 220 2 236 4 237 1 239 5 261 1 270 2 283 1 293 1 345 2 371 105 381 1 403 3 416 5 465 3 468 20 499 10 505 2 508 1 509 9 519 2 523 3 531 2 574 9 583 31 595 1 658 7 674 1 710 8 713 1 731 2 754 1 762 2 810 2 816 1 853 18 866 1 867 14 879 16 895 36 900 3 927 12 988 3 1002 4 1023 21 1032 2 1037 27 1045 9 1059 30 1105 2 1113 4 1124 2 1137 18 1203 8 1209 6 1215 20 1217 4 1242 1 1283 2 1286 1 1292 5 1296 2 1306 3 1311 4 1315 14 1325 1 1334 1 1350 9 1352 3 1356 2 1358 2 1385 1 1386 2 1397 2 1398 1 1416 8 1417 5 1430 1 1461 1 1484 3 1508 1 1518 6 1525 10 1529 5 1530 1 1553 5 1554 15 1560 1 1593 5 1603 4 1649 18 1700 10 1704 2 1706 30 1709 17 1717 1 1729 1 1817 6 1836 2 1838 24 1847 14 1849 1 1875 8 1885 6 1913 8 1917 7 1930 1 1942 15 1955 2 1971 1 1977 5 1987 17 1994 10 2007 2 2030 11 2059 3 2100 1 2145 2 2159 12 2184 1 2190 2 2201 4 2228 2 2239 3 2268 1 2295 8 2301 2 2309 6 2330 10 2332 12 2345 2 2367 1 2414 2 2425 4 2455 4 2479 16 
52 25 3 29 4 36 48 65 4 115 4 209 4 247 14 258 3 285 6 289 3 336 3 338 1 383 1 420 1 466 1 585 1 588 4 606 24 611 1 649 2 765 1 857 4 878 11 900 4 995 5 1017 57 1020 45 1030 1 1035 35 1092 1 1133 3 1226 2 1253 2 1263 4 1299 6 1306 8 1312 15 1322 2 1351 1 1409 1 1454 5 1461 1 1564 8 1608 8 1622 4 1688 1 1756 4 2151 4 2310 22 2319 4 2343 7 2381 1 
14 157 14 186 2 298 1 392 1 394 6 881 6 1134 4 1155 1 1407 139 1539 2 1636 7 1740 9 2241 7 2299 12 
71 49 4 56 1 78 23 92 6 127 20 145 4 162 4 174 1 176 6 224 3 246 3 290 1 416 1 446 1 468 15 499 11 600 1 623 6 639 6 644 16 652 56 658 6 659 2 670 3 684 3 713 1 730 1 734 2 810 1 857 6 859 1 879 18 1002 6 1032 12 1035 1 1084 2 1105 1 1142 2 1205 4 1251 1 1538 14 1561 10 1609 1 1622 70 1671 1 1748 1 1783 1 1807 1 1809 2 1817 8 1891 3 1917 1 1920 331 1965 1 1985 1 2024 27 2090 54 2096 5 2100 1 2151 2 2158 4 2164 1 2174 3 2244 1 2327 2 2331 5 2371 1 2419 3 2425 6 2450 3 2481 1 
23 119 1 214 6 419 12 475 20 476 1 638 48 698 6 706 12 1034 12 1097 9 1101 4 1275 1 1276 6 1365 9 1459 2 1548 14 1577 2 1616 1 1755 36 1805 9 2002 11 2370 1 2423 5 
16 246 3 251 28 255 10 346 5 425 4 563 1 1055 1 1253 17 1295 7 1567 1 1739 1 1806 1 2014 1 2067 1 2208 1 2427 1 
1 246 76 
8 49 6 174 1 622 38 731 1 786 1 1014 11 2343 1 2345 1 
5 246 1 786 6 969 5 2090 1 2100 1 
107 10 3 36 2 66 6 91 1 114 2 137 2 159 21 162 2 174 3 235 1 236 8 244 3 247 16 314 4 336 2 351 15 353 20 370 5 416 5 429 4 437 8 438 1 442 15 560 30 583 13 607 1 682 20 683 3 702 3 734 2 735 10 786 3 796 21 797 14 810 2 816 1 829 10 961 11 969 2 986 11 990 2 996 4 1023 1 1041 3 1076 3 1281 1 1292 14 1324 1 1349 1 1361 8 1374 11 1423 1 1438 13 1439 14 1460 2 1534 4 1557 10 1561 4 1566 12 1589 1 1593 2 1604 4 1609 4 1622 1 1629 4 1649 16 1661 19 1691 6 1708 26 1764 19 1804 6 1808 3 1817 6 1840 2 1858 7 1894 1 1901 14 1908 18 1945 30 1976 20 1985 8 1988 4 2001 4 2026 32 2034 2 2059 2 2084 5 2096 9 2114 6 2136 14 2151 4 2176 2 2272 1 2281 6 2295 2 2297 30 2334 3 2336 1 2343 1 2344 1 2398 22 2411 11 2425 4 2430 6 2450 6 2458 1 2481 1 
56 36 1 43 5 110 3 168 1 209 4 247 14 310 1 313 10 320 5 340 1 471 8 606 20 660 4 806 2 900 10 910 2 932 1 947 5 995 5 1057 6 1085 25 1086 33 1095 1 1096 2 1103 4 1195 3 1196 3 1206 15 1299 8 1322 2 1335 12 1360 2 1363 10 1461 17 1533 1 1560 3 1608 4 1660 3 1691 1 1725 24 1780 2 1826 1 1860 4 1901 4 1953 4 1977 12 1993 2 2034 5 2127 3 2151 2 2239 10 2314 3 2322 10 2352 1 2465 16 2481 5 
123 3 2 11 1 18 14 25 1 27 1 31 3 36 1 122 1 127 1 133 1 152 3 159 1 179 1 183 1 184 20 209 1 247 14 262 1 264 2 266 15 269 3 275 1 276 8 289 1 290 1 336 6 343 1 429 1 436 1 463 2 498 1 508 2 557 1 560 25 586 19 588 2 600 1 608 2 635 7 641 1 657 7 658 4 713 3 755 5 807 1 829 1 837 1 854 1 868 6 885 1 900 3 915 12 977 1 998 3 1045 3 1094 6 1123 1 1126 1 1133 6 1152 2 1164 1 1165 1 1176 1 1221 1 1228 1 1285 1 1295 5 1298 17 1322 1 1331 2 1351 1 1370 1 1374 2 1386 6 1434 5 1439 3 1456 15 1461 1 1488 1 1512 1 1514 1 1529 3 1550 4 1559 2 1608 1 1634 1 1660 1 1691 2 1747 5 1774 1 1801 9 1831 4 1854 1 1874 1 1906 40 1933 1 1936 1 1969 1 1977 1 1995 3 2014 1 2019 15 2029 1 2038 1 2099 3 2114 1 2178 1 2187 7 2211 10 2215 1 2219 3 2239 6 2280 15 2310 20 2311 1 2313 2 2315 1 2343 3 2398 1 2405 1 2427 1 2470 4 2481 1 
45 36 1 122 8 172 30 211 1 244 4 247 14 273 6 275 1 296 1 483 1 494 23 588 176 669 4 679 4 761 29 995 6 1011 4 1036 5 1166 3 1184 1 1213 4 1261 1 1387 1 1455 10 1462 3 1525 1 1527 1 1587 1 1615 1 1622 1 1691 5 1725 24 1756 2 1772 4 1873 1 1903 1 1970 4 1981 1 2143 3 2151 1 2310 20 2350 3 2440 4 2452 4 2476 30 
82 5 28 126 12 128 12 155 2 216 11 297 13 424 4 441 40 443 1 458 18 541 10 551 1 559 24 579 1 598 3 605 11 643 12 678 45 692 72 695 24 707 1 741 11 763 48 790 48 840 14 847 1 852 1 888 3 960 3 974 2 991 64 1026 56 1027 12 1046 15 1067 6 1091 29 1155 1 1210 2 1229 10 1234 17 1277 3 1309 48 1375 5 1420 21 1421 9 1492 12 1495 1 1523 8 1582 12 1610 1 1618 21 1641 11 1642 13 1678 14 1684 1 1687 1 1731 15 1766 15 1769 18 1800 11 1881 2 1882 4 1887 71 1937 18 1964 3 2027 9 2063 6 2073 3 2075 11 2083 10 2103 27 2157 6 2213 5 2257 6 2271 12 2308 3 2312 1 2316 4 2342 8 2357 32 2360 24 2421 11 
51 12 2 15 28 25 4 161 8 209 4 235 1 266 7 275 6 418 6 439 16 461 2 483 5 577 25 588 8 731 1 735 2 757 6 800 22 984 2 1099 1 1135 6 1139 3 1166 1 1253 6 1256 2 1279 61 1299 3 1310 5 1312 5 1351 1 1396 1 1424 3 1454 3 1461 1 1620 2 1622 5 1689 1 1856 1 1878 3 1928 4 1938 2 1945 21 2022 1 2057 1 2097 18 2121 2 2131 8 2137 7 2141 13 2151 9 2343 5 
110 30 7 49 5 127 20 148 2 162 3 174 60 236 2 237 2 247 3 262 143 324 4 345 2 359 3 381 1 403 1 405 1 416 16 421 1 429 7 468 8 480 9 499 15 519 13 524 1 641 1 713 1 722 8 733 16 747 2 762 1 770 1 792 3 810 1 816 1 879 1 895 24 900 4 921 8 927 12 934 2 936 29 1037 36 1102 5 1119 1 1167 31 1171 7 1203 2 1267 8 1290 1 1304 1 1308 2 1324 6 1333 1 1346 2 1361 12 1383 3 1385 1 1440 4 1483 2 1484 4 1497 1 1508 3 1525 9 1529 3 1549 4 1583 4 1593 2 1614 3 1635 4 1704 1 1709 6 1715 4 1739 2 1783 6 1802 27 1807 2 1817 7 1820 1 1836 3 1838 34 1853 19 1857 3 1867 2 1876 1 1917 8 1926 2 1930 1 1936 5 1942 22 1946 1 1947 2 2045 1 2091 4 2100 1 2136 20 2145 1 2193 13 2267 10 2283 2 2295 11 2301 3 2330 10 2331 3 2346 2 2403 1 2414 2 2425 2 2446 7 2455 4 2481 5 
14 36 2 61 12 111 1 166 1 376 10 413 7 420 3 740 15 1461 1 1902 1 1984 1 2036 2 2151 65 2341 1 
46 57 3 127 18 159 1 160 4 187 1 205 1 209 1 237 2 336 9 345 5 428 1 499 1 659 1 734 3 742 1 812 103 837 4 892 1 912 1 1032 4 1057 1 1073 1 1092 2 1130 3 1141 1 1204 20 1228 1 1283 1 1311 3 1322 2 1394 1 1557 24 1561 1 1609 1 1659 2 1860 99 2082 4 2096 12 2163 1 2230 10 2262 1 2329 1 2343 6 2403 2 2425 1 2450 2 
16 60 2 119 6 475 40 476 11 561 15 638 16 672 4 698 6 706 5 843 16 1034 12 1193 4 1365 9 1468 3 1805 21 2370 2 
7 49 7 246 1 731 1 1196 3 1296 1 1810 1 2090 1 
1 803 1 
61 3 63 31 17 43 10 44 1 61 2 86 9 159 39 209 4 247 13 262 1 290 1 336 4 385 2 450 15 461 5 554 1 588 3 603 1 606 34 611 2 658 8 687 1 774 4 806 5 882 6 900 10 917 24 976 2 983 10 1011 3 1035 24 1049 1 1057 6 1092 1 1094 6 1103 3 1140 1 1199 8 1253 10 1256 1 1260 1 1266 2 1267 3 1322 5 1555 6 1634 2 1691 6 1702 20 1795 1 1856 1 1860 1 1953 2 2034 5 2057 2 2178 3 2209 17 2310 8 2314 3 2322 15 2352 1 2481 11 
12 162 16 416 1 816 2 825 1 1322 80 1439 12 1691 4 1694 15 1808 4 2145 2 2260 1 2425 4 
109 2 2 10 1 36 1 48 1 54 3 66 1 120 4 127 6 146 3 174 1 208 38 210 1 244 1 247 15 313 36 336 3 345 2 349 8 353 20 373 70 398 16 416 16 487 4 490 5 499 5 508 4 583 40 607 1 636 1 670 1 702 3 713 1 734 2 745 2 750 4 811 2 824 4 825 10 829 20 837 3 912 2 926 20 933 22 940 3 948 2 956 3 986 4 996 2 1021 6 1032 56 1084 3 1092 2 1118 7 1123 10 1127 7 1215 3 1295 4 1311 1 1354 1 1374 1 1376 4 1385 1 1426 2 1439 13 1444 11 1461 20 1475 1 1533 5 1553 1 1593 6 1602 8 1609 2 1649 10 1658 56 1692 3 1698 3 1761 9 1775 6 1808 2 1809 1 1821 4 1897 4 1963 2 1985 3 2038 3 2042 5 2095 6 2101 10 2110 1 2132 28 2151 3 2172 2 2226 5 2239 10 2252 40 2282 4 2295 7 2297 25 2298 1 2320 2 2336 2 2344 1 2362 8 2385 2 2411 2 2422 2 2450 3 2470 5 2481 10 
69 59 93 83 4 85 2 101 2 106 7 127 2 130 1 133 1 209 4 246 1 247 12 250 8 261 3 264 1 270 2 371 113 478 4 483 3 530 2 543 10 572 1 581 11 585 1 606 26 669 2 806 10 860 2 861 1 900 4 910 2 919 11 995 5 1045 12 1057 7 1149 2 1165 9 1195 1 1213 7 1228 13 1306 8 1313 3 1341 6 1425 14 1587 1 1639 2 1654 25 1657 9 1683 17 1706 30 1758 15 1767 7 1771 6 1860 3 1878 1 1915 2 1977 8 1979 10 1981 2 2034 5 2151 4 2239 15 2314 2 2315 22 2343 8 2385 1 2405 5 2408 1 2465 19 2476 10 
106 0 1 17 4 40 8 63 32 79 28 88 40 90 3 144 4 163 40 171 73 173 100 199 33 228 38 229 1 268 11 280 50 286 99 299 80 306 15 309 93 355 3 369 49 422 1 479 7 507 4 534 37 544 11 563 19 569 18 619 16 621 2 651 11 680 69 749 18 769 48 809 194 862 15 875 2 877 3 901 3 905 5 907 37 928 16 929 6 935 1 951 1 952 78 989 8 1040 4 1107 1 1121 47 1162 47 1188 2 1191 1 1246 15 1265 13 1293 4 1316 18 1338 65 1343 46 1347 1 1366 23 1379 65 1393 122 1400 1 1402 5 1441 28 1443 51 1448 41 1485 9 1490 2 1491 9 1499 65 1513 1 1516 48 1521 41 1524 29 1537 8 1542 43 1624 1 1666 94 1673 28 1707 17 1711 1 1782 138 1816 2 1851 95 1884 1 1919 16 1948 5 1954 1 1957 16 1996 2 2017 1 2049 13 2066 19 2072 34 2123 4 2154 2 2237 1 2251 32 2305 36 2340 12 2356 6 2451 15 2471 17 
140 3 8 10 1 11 21 21 11 28 3 33 2 34 12 58 2 66 2 95 4 100 1 117 9 123 2 227 6 236 1 239 5 244 5 247 15 343 3 365 4 381 10 416 10 427 12 459 2 468 10 596 7 612 15 636 1 641 1 642 4 658 2 664 1 681 4 682 3 717 9 772 1 779 1 783 2 792 4 819 8 829 1 853 14 887 4 900 4 921 23 927 12 933 17 947 5 996 1 1024 1 1031 4 1047 17 1057 6 1060 3 1094 8 1102 1 1124 1 1171 1 1172 24 1203 1 1217 5 1249 2 1283 1 1308 1 1334 3 1361 9 1398 2 1431 2 1439 4 1445 4 1457 34 1484 7 1496 9 1508 1 1510 2 1518 10 1553 10 1554 42 1557 4 1593 2 1603 20 1623 17 1626 21 1649 20 1691 5 1727 4 1789 14 1812 25 1817 4 1820 12 1838 60 1847 12 1853 36 1868 11 1876 3 1922 1 1924 13 1926 3 1932 15 1935 8 1955 2 1971 1 1977 4 2008 3 2011 3 2029 1 2042 13 2061 3 2100 1 2109 4 2136 11 2139 14 2150 1 2163 9 2164 1 2171 8 2173 6 2176 2 2201 11 2246 3 2258 80 2267 22 2273 1 2283 5 2288 1 2291 4 2295 4 2301 2 2309 6 2318 5 2328 38 2330 10 2361 2 2403 1 2411 8 2414 2 2418 20 2450 3 2455 20 2481 2 
67 25 3 61 24 65 1 93 1 101 2 103 2 247 13 258 11 315 2 317 13 336 4 418 10 429 5 461 4 538 1 563 1 588 4 606 40 611 1 632 7 679 8 729 1 731 1 737 7 846 5 857 4 882 2 893 4 900 4 947 9 984 1 1021 1 1055 1 1092 1 1165 8 1196 2 1253 1 1263 5 1306 8 1403 30 1404 4 1454 4 1461 1 1562 1 1613 4 1633 3 1702 13 1777 5 1795 8 1866 3 1928 10 1938 2 1946 1 1981 2 2001 7 2151 2 2185 1 2226 1 2236 20 2263 9 2298 20 2314 4 2320 2 2343 16 2352 1 2372 4 2467 7 
114 10 2 13 4 54 1 67 6 82 4 127 18 174 66 183 4 184 20 187 2 231 9 267 10 270 1 308 1 324 2 343 1 345 3 359 1 416 15 467 10 480 4 499 8 512 2 513 3 516 4 574 1 583 6 610 1 611 4 628 1 642 5 656 7 657 1 658 6 659 3 688 12 696 1 713 1 733 5 779 1 816 1 829 20 833 8 853 23 895 1 909 10 911 6 912 1 915 11 918 3 936 50 979 5 1002 4 1032 4 1110 5 1114 13 1124 1 1207 2 1212 25 1273 1 1308 2 1318 15 1328 1 1349 1 1352 3 1361 8 1385 2 1466 9 1480 24 1483 1 1503 2 1510 1 1525 7 1528 2 1530 1 1545 2 1549 1 1550 3 1554 20 1561 25 1576 20 1593 4 1607 2 1623 8 1671 1 1715 4 1717 3 1718 2 1743 36 1817 8 1838 1 1853 38 1867 24 1891 2 1986 7 1994 9 1995 24 2008 4 2087 6 2088 2 2205 1 2244 1 2246 16 2261 4 2267 10 2283 2 2295 1 2318 30 2346 10 2373 1 2402 7 2403 2 2454 3 2481 1 
35 12 1 22 16 27 1 142 3 197 12 209 2 296 2 415 3 436 1 611 1 623 1 669 3 844 23 1087 7 1116 14 1226 1 1263 2 1299 2 1312 4 1381 1 1428 1 1545 3 1620 10 1803 7 1826 1 1835 3 1856 3 1869 7 1901 16 1962 4 2022 1 2025 2 2151 4 2239 25 2310 17 
35 89 33 169 3 243 8 271 29 272 12 485 5 506 3 517 73 596 1 618 6 676 99 728 2 827 9 852 4 1002 2 1013 2 1043 3 1054 5 1181 11 1245 14 1359 4 1558 1 1648 10 1655 2 1735 2 1920 12 1925 2 1931 13 1968 1 2060 2 2146 4 2168 4 2278 3 2286 22 2435 11 
1 2359 1 
3 740 88 2151 1 2359 24 
7 361 2 395 22 740 1 816 1 1941 1 2090 1 2100 1 
11 246 1 1016 4 1078 8 1419 3 1656 3 1740 1 1990 3 2043 3 2054 7 2181 2 2338 3 
124 3 7 10 1 32 8 56 4 116 4 162 2 167 1 174 1 187 2 244 5 247 14 249 3 312 3 326 13 382 1 383 10 385 1 416 20 448 1 467 12 481 1 490 5 497 37 499 1 500 116 508 5 550 24 560 10 571 1 584 4 597 1 623 10 640 2 644 22 658 1 674 1 684 1 691 1 702 7 718 6 729 1 786 2 796 18 797 11 825 8 832 11 837 2 842 8 846 1 859 1 866 2 879 21 912 1 956 7 961 3 968 6 984 1 1002 2 1029 3 1039 1 1094 5 1124 2 1132 54 1176 7 1207 19 1264 16 1290 3 1292 13 1305 40 1334 8 1361 10 1395 2 1406 32 1439 8 1447 6 1453 5 1463 1 1533 2 1540 5 1561 20 1593 5 1609 2 1629 4 1667 3 1671 1 1703 10 1715 3 1741 2 1743 14 1807 1 1808 1 1837 2 1840 2 1842 4 1895 2 1922 20 1942 41 1988 6 2008 5 2015 4 2074 7 2108 4 2135 5 2136 20 2138 4 2140 8 2151 4 2204 2 2226 7 2238 14 2255 5 2262 8 2295 6 2296 12 2297 28 2344 1 2383 2 2410 4 2412 1 2416 33 2425 4 2432 1 2450 3 2461 13 
55 71 68 209 5 247 10 340 1 363 2 367 1 450 12 521 11 577 16 586 10 588 1 663 15 729 2 795 2 796 15 882 2 900 4 910 2 947 5 995 6 1011 1 1023 38 1130 3 1138 1 1158 1 1192 3 1195 4 1228 17 1266 2 1322 5 1384 11 1394 1 1431 1 1461 7 1556 6 1668 1 1688 1 1691 4 1767 13 1855 1 1860 4 1874 3 1877 5 1938 2 1953 14 1977 20 1981 2 2034 5 2081 30 2141 2 2314 1 2337 1 2352 2 2410 2 2481 9 
87 36 1 50 6 127 18 133 2 174 1 194 3 197 55 262 1 291 5 318 11 322 3 343 1 349 3 389 2 478 1 484 9 490 1 499 7 500 24 509 8 546 1 572 2 713 1 738 4 796 16 811 2 824 4 890 1 957 1 976 1 996 4 1014 6 1029 1 1042 47 1057 6 1070 1 1092 6 1123 10 1133 1 1157 3 1203 6 1211 5 1292 9 1299 7 1325 7 1350 3 1358 20 1362 2 1385 1 1405 12 1454 28 1488 45 1557 6 1569 45 1576 46 1609 2 1644 2 1667 3 1751 8 1759 1 1820 14 1838 42 1856 5 1886 1 1893 20 1944 1 1950 10 1969 5 1980 1 2019 1 2029 3 2081 1 2090 54 2106 5 2114 8 2139 9 2151 3 2226 8 2239 8 2250 1 2295 11 2317 1 2319 3 2320 2 2344 1 2432 1 2481 5 
56 110 7 133 1 149 6 206 1 209 2 336 4 371 93 420 6 474 1 478 5 577 16 585 49 675 12 679 7 754 2 758 5 818 3 857 4 861 1 877 1 995 3 1011 3 1023 10 1057 7 1085 32 1113 2 1119 3 1165 1 1195 8 1196 3 1205 10 1302 8 1344 3 1387 1 1461 2 1479 13 1540 2 1541 19 1702 41 1745 1 1777 7 1839 5 1927 7 2034 1 2137 4 2141 8 2150 6 2151 4 2153 2 2165 4 2195 2 2314 1 2320 2 2405 9 2463 13 2476 9 
163 3 3 7 1 13 5 23 2 49 2 50 1 66 2 75 1 106 20 108 20 123 15 127 15 148 1 162 8 202 30 208 18 211 1 236 4 247 10 260 4 269 2 287 1 289 6 302 3 314 20 343 5 345 2 371 1 381 19 396 7 410 5 416 17 432 7 438 4 465 6 468 10 480 2 481 1 511 2 519 2 523 11 531 52 550 20 560 10 597 2 612 13 658 1 713 1 762 1 771 1 779 2 792 4 799 2 810 2 816 1 828 1 831 9 853 15 883 1 900 7 910 1 921 1 927 1 933 10 958 2 1014 7 1023 9 1032 1 1109 9 1110 8 1124 2 1135 2 1151 13 1154 10 1158 8 1171 9 1180 1 1203 6 1205 1 1211 1 1232 12 1249 3 1266 2 1267 11 1273 1 1283 2 1284 46 1290 4 1296 1 1297 1 1304 1 1306 6 1328 20 1333 1 1391 1 1398 3 1416 7 1483 1 1484 10 1498 5 1514 8 1518 5 1528 2 1544 3 1557 1 1560 4 1561 4 1592 1 1593 5 1603 16 1607 2 1623 4 1649 8 1691 5 1704 2 1729 2 1789 5 1817 3 1838 18 1841 1 1843 2 1847 12 1853 6 1880 2 1917 1 1926 3 1932 15 1935 16 1942 14 1977 14 2007 2 2033 1 2042 2 2045 2 2067 4 2100 1 2114 1 2122 3 2136 7 2178 2 2188 1 2193 5 2205 2 2231 9 2262 4 2273 2 2291 4 2293 1 2295 11 2301 1 2309 1 2331 2 2343 4 2345 2 2346 1 2352 1 2403 1 2414 2 2425 3 2447 3 2455 1 2461 12 2481 1 
65 25 3 29 4 71 22 93 1 103 177 209 1 231 1 247 15 275 8 285 2 336 4 420 3 425 1 430 1 439 20 492 4 528 5 588 4 632 2 661 9 729 1 731 1 825 16 857 3 878 32 900 4 947 2 983 7 995 5 1011 1 1092 2 1137 5 1205 8 1241 1 1253 14 1263 1 1403 12 1404 4 1461 1 1533 14 1543 1 1545 1 1622 4 1685 6 1688 1 1701 1 1714 1 1760 4 1784 1 1787 4 1803 3 1823 28 1915 5 1927 3 1928 9 1975 4 2151 5 2233 1 2236 14 2246 10 2310 1 2314 1 2315 22 2343 8 2476 8 
16 97 16 157 6 177 1 182 21 186 6 298 1 380 4 392 16 443 1 614 27 720 83 881 38 963 24 2048 5 2241 14 2299 3 
87 6 10 7 1 36 2 49 1 57 4 92 3 113 6 127 20 187 2 221 1 246 4 257 8 267 1 320 1 321 4 370 11 371 88 405 1 429 11 480 3 488 1 499 6 584 18 588 8 591 1 658 3 659 2 664 1 713 3 734 2 879 1 910 1 912 2 933 25 1002 7 1032 2 1052 6 1065 1 1092 2 1095 1 1116 22 1124 3 1137 18 1346 2 1352 6 1361 4 1367 2 1378 1 1431 3 1455 4 1494 16 1552 1 1578 1 1607 2 1671 2 1700 6 1783 2 1807 4 1810 2 1811 1 1835 1 1867 22 1897 1 1920 320 1926 4 1963 1 1985 1 1988 10 2023 2 2036 10 2045 2 2090 2 2100 1 2139 1 2155 1 2198 1 2205 1 2244 1 2318 10 2328 1 2329 2 2375 1 2403 2 2416 17 2447 2 2450 9 2459 4 
80 16 2 37 15 39 2 74 62 102 5 104 12 105 27 188 6 212 5 230 25 240 30 281 4 282 1 327 13 426 35 431 4 447 6 464 4 473 4 496 123 578 11 653 12 667 12 743 20 753 2 764 10 785 5 817 13 821 3 822 1 830 4 840 2 843 34 876 51 959 20 985 26 1101 1 1108 3 1122 4 1125 30 1194 1 1202 6 1227 2 1275 463 1321 30 1339 2 1368 1 1399 2 1437 8 1515 7 1522 4 1568 1 1647 3 1746 5 1750 7 1865 10 1918 2 1961 6 1972 1 1983 4 2003 1 2055 9 2070 10 2079 9 2093 5 2111 16 2129 48 2161 1 2199 2 2234 2 2275 1 2347 2 2376 1 2390 50 2393 2 2401 6 2409 7 2442 1 2445 2 2464 1 
24 65 4 246 3 255 10 328 1 363 1 420 2 461 10 502 1 564 3 715 1 758 3 800 13 836 14 1000 1 1199 8 1319 3 1461 1 1810 1 1835 1 1945 42 2022 4 2141 1 2151 8 2239 12 
2 361 1 1776 8 
7 219 2 246 3 395 20 987 1 1807 1 2090 1 2456 1 
7 246 3 713 1 786 3 812 6 1622 141 1745 2 1967 41 
1 816 1 
111 10 2 57 5 59 50 137 5 162 2 174 1 215 7 218 9 235 2 236 4 249 6 264 2 269 1 291 3 314 20 336 5 345 3 348 8 365 3 368 2 370 4 429 5 456 14 461 1 499 8 500 21 527 1 571 2 583 35 588 6 656 3 713 1 797 13 810 2 811 2 816 1 829 20 835 3 837 2 839 3 870 1 884 4 956 2 1023 9 1057 6 1068 1 1115 2 1133 7 1161 4 1176 2 1195 15 1292 4 1306 8 1361 4 1405 6 1426 3 1439 17 1488 33 1554 14 1561 15 1581 15 1589 1 1605 4 1609 2 1629 4 1661 9 1691 6 1708 3 1718 18 1741 2 1752 4 1791 9 1808 4 1809 2 1813 1 1817 6 1840 2 1853 1 1871 1 1873 8 1903 1 1916 8 1942 1 1977 2 1984 3 1985 3 1988 30 2019 16 2024 66 2096 7 2097 20 2099 6 2151 20 2186 4 2189 2 2223 1 2224 6 2228 8 2231 1 2282 4 2295 10 2320 2 2322 1 2336 2 2344 2 2355 1 2362 4 2427 2 2430 4 2470 5 2481 10 
56 12 2 27 1 80 5 175 30 209 4 247 13 261 4 328 1 336 4 385 1 433 2 471 2 502 1 581 12 588 4 600 2 669 2 711 12 729 1 796 2 806 6 818 3 869 1 900 4 910 2 995 4 1055 1 1059 12 1085 30 1090 1 1158 1 1165 2 1196 4 1322 5 1439 3 1465 1 1501 2 1533 8 1560 1 1691 1 1824 8 1953 1 2126 5 2141 2 2150 6 2151 12 2166 7 2183 1 2314 1 2317 46 2320 1 2392 1 2443 30 2473 1 2476 2 2481 4 
136 1 1 23 1 25 1 36 1 54 4 61 1 103 1 110 1 127 1 175 1 184 17 209 1 244 1 247 7 250 1 262 100 263 1 264 2 267 1 270 1 275 2 276 4 289 1 291 3 293 5 336 1 344 1 349 2 353 1 356 3 358 6 371 58 390 13 393 1 427 8 448 2 463 1 472 1 484 7 500 34 508 2 509 18 589 1 635 29 645 6 658 1 713 1 731 1 796 3 797 8 805 2 806 1 829 1 857 1 873 10 900 1 904 1 910 1 915 2 922 1 961 1 969 1 1020 45 1045 18 1057 2 1082 5 1103 1 1106 1 1119 1 1123 2 1133 1 1135 12 1158 5 1164 3 1165 1 1198 9 1209 2 1228 1 1232 1 1262 7 1269 15 1295 1 1300 1 1322 1 1327 2 1342 1 1376 7 1389 11 1408 1 1410 1 1444 12 1461 1 1482 1 1518 8 1529 7 1570 9 1571 3 1589 2 1600 18 1681 17 1690 4 1691 5 1714 1 1754 1 1763 1 1820 30 1858 8 1875 2 1886 1 1893 16 1898 3 1899 3 1901 3 1910 11 1922 1 1977 1 2024 12 2034 4 2039 1 2114 6 2143 2 2147 2 2151 4 2162 1 2186 1 2190 1 2210 1 2239 4 2300 7 2310 19 2333 16 2343 6 2353 5 2432 1 2474 1 2481 1 
50 27 2 42 16 93 6 205 2 209 4 244 4 247 9 323 4 418 8 420 3 471 3 483 3 525 10 606 20 626 2 669 5 671 2 675 4 686 1 775 1 804 2 806 1 857 3 860 2 878 40 900 4 1055 1 1195 2 1301 12 1312 15 1313 3 1323 3 1410 1 1455 14 1562 2 1772 7 1933 8 1981 2 2086 1 2151 8 2160 7 2314 2 2320 2 2327 2 2343 8 2348 12 2352 1 2400 12 2452 4 2467 6 
88 5 19 128 10 155 8 203 2 204 5 216 1 245 7 265 9 297 24 304 35 335 17 386 31 424 45 441 44 443 4 535 27 541 24 542 1 547 7 559 28 575 28 579 1 598 36 601 33 605 24 678 24 692 23 707 39 736 2 741 22 763 1 773 92 790 30 852 1 888 2 913 8 944 1 960 1 991 20 1026 173 1046 30 1067 10 1081 6 1083 7 1155 1 1197 2 1229 14 1234 13 1248 8 1277 1 1288 73 1309 34 1340 9 1373 25 1375 5 1421 7 1492 12 1495 24 1511 1 1618 5 1638 1 1684 4 1687 60 1693 15 1705 12 1734 7 1769 12 1863 1 1881 1 1883 7 1887 1 1905 9 1937 12 1964 4 2046 14 2063 6 2179 16 2213 7 2242 4 2253 1 2254 16 2256 11 2257 1 2308 3 2342 9 2421 8 2428 6 2435 1 
50 25 3 209 4 229 1 235 2 247 9 275 8 336 4 374 1 384 11 396 3 406 2 461 1 482 35 563 1 588 1 606 27 717 4 731 1 836 1 900 5 995 2 1055 2 1085 7 1253 18 1256 1 1267 4 1302 2 1322 1 1381 12 1396 1 1450 7 1454 4 1461 1 1462 11 1622 2 1668 1 1682 5 1691 4 1788 4 2080 5 2089 13 2121 8 2151 2 2180 6 2343 6 2397 3 2398 11 2439 7 2444 9 2476 4 
121 28 8 30 19 81 18 127 22 129 4 137 2 148 3 154 12 158 2 211 1 256 3 259 11 262 4 267 1 287 1 289 5 330 4 334 15 344 1 345 1 359 4 381 5 403 15 416 11 423 2 429 8 459 2 467 7 468 9 478 4 499 7 519 13 596 14 616 8 654 92 664 1 674 1 681 1 761 7 792 4 799 2 853 2 868 18 900 4 912 2 927 12 933 3 957 8 966 3 1011 1 1053 8 1057 3 1094 5 1124 1 1137 17 1171 4 1267 18 1273 1 1283 1 1296 1 1311 6 1334 16 1352 3 1398 2 1455 2 1472 9 1483 1 1484 10 1506 1 1517 6 1518 5 1525 16 1534 14 1546 6 1551 70 1554 8 1557 6 1574 5 1593 4 1646 8 1720 2 1743 20 1779 11 1799 18 1807 8 1808 3 1817 8 1825 21 1836 4 1867 8 1891 5 1917 5 1921 5 1926 1 1932 14 1935 5 1942 23 1987 5 1994 9 2089 15 2096 7 2100 1 2145 2 2151 4 2178 2 2194 2 2201 8 2216 27 2258 68 2261 3 2295 10 2329 2 2343 6 2345 2 2346 5 2355 3 2414 2 2425 3 2446 11 2455 9 2467 1 
54 3 1 12 2 49 1 92 4 162 3 170 1 174 1 193 11 290 1 336 8 438 1 481 3 499 1 505 14 600 6 625 2 627 6 641 1 659 1 691 1 829 1 859 1 879 1 909 3 910 1 912 1 933 1 1032 6 1228 1 1283 4 1322 10 1329 3 1346 1 1385 2 1398 2 1574 2 1592 1 1607 3 1722 1 1813 8 1917 1 2036 4 2096 5 2145 3 2207 4 2244 1 2327 4 2329 3 2379 3 2398 1 2403 2 2425 8 2463 1 2481 1 
14 36 1 166 2 246 2 336 4 385 2 766 1 1450 2 1461 1 1486 1 1788 5 1830 2 1900 8 1907 1 2426 2 
16 60 1 119 2 214 2 327 15 419 12 476 7 638 24 698 6 946 1 1034 11 1237 38 1257 23 1459 142 1805 12 2370 1 2423 1 
2 803 9 2456 2 
4 246 2 731 1 786 1 2359 11 
47 65 4 85 1 118 13 209 4 213 1 250 8 290 3 340 1 341 7 385 3 387 2 402 2 463 2 581 5 588 4 649 6 709 4 751 5 857 1 910 1 917 17 1011 1 1029 2 1057 3 1058 2 1090 1 1158 1 1206 9 1260 2 1285 1 1322 6 1327 2 1410 2 1482 1 1532 2 1587 1 1634 2 1635 2 1667 1 1860 2 1953 3 1975 6 2038 1 2178 3 2314 5 2398 1 2481 9 
105 3 1 10 1 36 1 120 7 137 5 141 459 143 14 146 2 174 1 187 1 208 20 218 4 236 1 313 36 314 9 322 3 345 2 349 4 411 2 416 3 462 1 488 3 499 18 519 7 584 3 607 1 636 1 658 3 713 1 715 1 734 2 796 18 802 18 825 13 829 10 837 2 850 2 864 1 922 170 956 4 986 14 996 1 997 1 999 1 1012 5 1124 2 1214 1 1217 2 1264 28 1292 6 1311 6 1349 2 1350 10 1361 6 1374 10 1385 1 1391 2 1439 20 1442 3 1444 16 1510 1 1528 2 1554 16 1566 10 1569 22 1599 41 1609 2 1635 6 1649 20 1710 1 1730 3 1778 1 1808 4 1817 4 1879 2 1906 27 1917 5 1985 8 2034 14 2061 5 2096 6 2099 4 2101 2 2114 8 2145 1 2151 2 2158 1 2171 2 2197 1 2212 19 2226 12 2279 2 2282 4 2284 11 2320 2 2322 4 2336 1 2355 2 2398 8 2425 1 2450 2 2458 7 2468 15 2470 2 2481 2 
56 127 7 209 4 244 3 247 10 261 1 264 2 275 6 320 1 340 2 358 5 371 1 415 9 521 8 588 4 606 27 611 1 649 5 660 9 665 7 701 22 731 1 765 2 860 2 910 5 917 30 995 2 1001 1 1004 2 1011 2 1057 6 1090 1 1103 6 1206 1 1228 20 1240 5 1253 1 1258 10 1263 2 1312 7 1363 3 1639 5 1691 6 1725 24 1784 1 1860 3 1909 2 1977 14 2034 2 2056 1 2118 10 2195 3 2223 5 2314 2 2352 2 2405 5 2481 17 
108 0 77 4 9 63 51 88 50 94 50 171 140 173 97 248 17 280 50 299 20 306 2 319 1 366 24 369 72 401 10 422 2 507 1 544 17 563 19 569 60 573 1 621 1 666 4 680 212 716 5 749 60 769 1 778 13 862 60 905 30 914 44 931 1 945 2 950 8 952 78 1040 9 1066 29 1089 3 1107 5 1162 1 1188 3 1235 37 1241 7 1246 18 1282 3 1287 1 1303 19 1316 1 1338 48 1347 8 1372 23 1379 25 1393 2 1400 1 1415 10 1441 1 1443 50 1448 56 1487 20 1499 25 1521 13 1537 19 1594 27 1596 1 1619 14 1624 87 1643 6 1666 1 1673 39 1675 3 1711 1 1757 6 1765 14 1773 5 1782 1 1796 1 1816 15 1846 1 1851 100 1861 4 1884 8 1912 31 1949 3 1954 20 1957 20 1966 11 1996 1 2006 9 2017 1 2028 30 2047 80 2049 42 2052 1 2058 16 2066 9 2098 1 2117 1 2156 1 2192 35 2217 1 2251 16 2340 38 2356 16 2384 83 2394 2 2437 19 2451 1 2480 31 
161 3 1 13 3 34 5 42 9 44 1 49 1 58 1 95 3 115 7 117 3 118 2 122 1 132 6 139 20 154 20 174 1 224 6 227 2 236 7 239 8 244 6 247 15 262 25 275 1 301 2 305 3 326 7 371 109 381 1 388 1 403 15 405 1 416 9 435 1 436 3 440 9 462 2 472 3 519 7 522 1 557 1 583 25 584 11 596 21 606 3 612 22 658 3 659 3 713 2 727 36 738 4 762 1 787 14 819 9 829 1 842 8 853 25 884 2 927 1 930 1 933 18 954 6 969 3 998 3 1021 40 1029 1 1057 3 1084 1 1102 8 1130 2 1159 2 1172 62 1192 2 1195 9 1232 24 1273 1 1278 2 1283 2 1301 1 1308 2 1311 1 1315 5 1356 3 1374 44 1398 1 1417 8 1439 5 1440 7 1445 1 1449 7 1454 5 1461 9 1484 10 1497 1 1498 3 1510 1 1518 8 1525 12 1554 1 1557 4 1603 17 1623 9 1649 20 1691 5 1698 7 1703 1 1718 10 1790 1 1809 2 1811 1 1817 3 1838 1 1847 15 1853 20 1904 3 1917 1 1924 10 1926 1 1935 9 1943 1 1955 2 1963 1 1977 10 1988 2 2007 1 2008 2 2013 2 2014 1 2018 5 2064 3 2091 2 2109 3 2110 3 2115 1 2136 26 2139 14 2150 5 2164 1 2177 1 2190 2 2201 4 2205 1 2239 1 2267 10 2270 3 2280 16 2288 5 2291 13 2295 12 2301 2 2309 2 2318 30 2320 2 2343 2 2352 1 2396 1 2414 1 2419 3 2455 1 2472 1 2481 13 
69 12 2 25 4 36 1 55 8 103 2 117 5 133 1 175 12 244 3 246 2 247 4 285 2 289 6 303 3 320 3 322 5 336 8 377 1 418 2 449 9 461 2 483 7 538 1 588 4 606 20 717 2 729 2 731 1 795 4 857 4 900 4 922 8 995 3 1030 1 1103 5 1112 12 1196 1 1221 1 1291 1 1299 7 1302 11 1322 12 1351 2 1384 7 1422 4 1436 3 1461 1 1531 1 1542 1 1563 10 1621 1 1622 3 1688 3 1701 2 1725 42 1938 2 1981 4 2081 41 2221 1 2232 5 2236 20 2239 15 2251 1 2263 6 2276 20 2290 1 2320 1 2343 6 2467 14 
105 11 49 52 10 56 3 68 62 117 4 162 1 174 30 191 2 218 9 220 4 224 5 231 1 247 9 267 1 269 1 273 1 275 1 313 23 345 2 348 11 360 15 379 1 387 1 416 2 435 3 478 4 499 8 519 12 522 1 524 7 549 11 600 2 658 6 739 2 779 1 783 5 791 9 792 4 799 3 810 1 816 4 900 1 910 1 917 1 924 7 927 11 933 9 982 15 1032 3 1033 2 1073 3 1088 10 1102 9 1124 1 1137 18 1143 2 1144 2 1171 5 1183 2 1243 3 1250 13 1267 2 1308 1 1322 4 1333 2 1336 1 1337 1 1352 3 1357 65 1385 1 1433 1 1467 1 1483 1 1517 4 1525 4 1528 2 1623 17 1704 1 1706 70 1708 23 1817 7 1828 5 1847 7 1890 8 1891 5 1917 2 2014 1 2033 1 2089 3 2090 2 2100 1 2136 33 2159 1 2188 5 2197 8 2283 2 2295 4 2327 4 2343 7 2346 5 2368 5 2399 116 2446 14 2454 1 2481 10 
29 14 15 87 7 135 33 169 3 243 7 271 30 272 2 485 6 506 6 676 40 728 11 827 7 852 17 1043 4 1181 2 1245 15 1359 2 1365 25 1558 7 1610 18 1611 6 1655 4 1735 4 1920 8 1931 11 2120 28 2278 1 2286 14 2435 4 
32 65 2 209 2 275 8 336 8 384 12 415 9 461 1 611 2 844 24 848 5 870 2 882 3 1018 1 1035 13 1256 2 1351 1 1381 1 1388 1 1461 1 1469 19 1591 3 1620 1 1622 1 1788 5 1827 1 1973 1 2067 3 2151 2 2353 1 2385 1 2424 5 2444 8 
1 246 1 
3 812 1 1699 1 2090 1 
25 8 3 41 6 219 12 222 8 295 3 352 4 409 1 704 11 962 5 1016 13 1078 2 1079 2 1175 1 1231 25 1272 3 1320 2 1630 22 1815 1 1990 3 2054 1 2181 3 2325 6 2338 5 2417 4 2477 3 
113 3 28 56 1 111 5 127 19 137 10 146 8 159 40 174 1 231 11 235 1 236 7 244 5 262 21 264 3 291 4 300 3 314 8 336 3 406 1 428 2 478 3 480 5 481 1 528 1 550 38 560 24 588 6 599 1 610 1 656 6 658 7 659 2 674 2 682 27 683 8 685 13 691 1 731 2 797 14 801 11 811 1 837 1 872 1 879 35 912 2 936 2 1031 7 1032 3 1064 1 1077 2 1124 2 1141 4 1176 6 1214 2 1255 1 1259 10 1290 4 1292 12 1325 2 1327 6 1334 11 1361 17 1371 91 1374 29 1391 2 1416 3 1439 1 1505 4 1506 1 1518 10 1526 1 1561 2 1593 4 1609 2 1623 6 1631 3 1667 1 1741 4 1790 2 1804 7 1807 2 1808 4 1809 2 1840 2 1985 5 1991 15 2008 6 2014 1 2016 1 2085 3 2105 2 2110 8 2136 27 2140 1 2151 4 2158 3 2178 2 2191 23 2222 7 2239 11 2262 22 2269 2 2272 25 2274 3 2284 13 2297 33 2322 2 2355 1 2416 3 2425 4 2432 1 2440 4 2450 3 
51 12 3 43 19 71 1 159 40 206 8 209 4 226 2 250 9 251 28 311 13 336 2 340 1 371 26 385 3 450 6 457 3 539 3 588 4 606 2 650 3 660 14 669 7 673 1 900 10 910 2 917 5 1058 1 1103 4 1158 8 1192 4 1239 2 1253 1 1256 1 1266 2 1322 3 1432 13 1479 1 1498 4 1554 4 1573 1 1615 1 1770 7 1860 4 1870 2 1953 6 1959 3 1977 14 2019 24 2150 5 2476 10 2481 3 
80 1 1 17 1 36 1 44 1 59 53 127 1 150 4 159 34 174 1 187 3 207 2 225 3 244 5 275 1 291 2 345 2 390 11 406 1 411 1 436 6 484 9 499 3 553 41 560 8 583 28 594 5 675 11 702 5 713 1 796 19 797 13 825 7 863 11 894 4 902 1 908 2 922 93 1004 2 1045 11 1092 2 1119 1 1133 7 1165 1 1176 8 1268 2 1295 6 1299 7 1306 4 1323 1 1405 8 1408 1 1439 5 1461 23 1463 1 1528 2 1546 1 1557 7 1559 1 1606 8 1609 2 1649 20 1667 3 1698 6 1730 2 1752 1 1780 1 1813 1 1901 34 2024 27 2128 3 2151 3 2173 16 2239 2 2282 3 2295 5 2297 13 2300 6 2322 2 2336 2 2481 8 
58 98 1 110 1 130 1 133 3 161 3 172 30 179 1 209 4 244 4 247 14 311 1 317 9 371 96 385 1 404 3 420 6 451 2 483 3 521 3 649 4 679 8 719 3 836 1 844 8 859 2 878 20 900 4 910 2 947 5 1020 40 1052 1 1057 6 1071 4 1103 6 1196 3 1255 1 1258 10 1291 1 1305 6 1428 1 1688 1 1710 1 1758 30 1777 7 1795 1 1839 3 1958 10 2014 2 2034 4 2086 2 2097 8 2151 4 2337 4 2343 8 2352 1 2443 14 2463 8 2467 1 
156 3 20 20 26 23 3 38 3 46 1 58 2 62 4 66 5 127 20 137 19 148 4 162 1 192 1 231 5 247 3 269 1 289 4 313 11 321 1 336 1 345 1 353 1 359 2 364 12 371 1 381 10 403 1 411 1 429 12 432 1 468 10 508 2 519 9 523 4 583 20 617 1 622 52 658 6 664 1 670 1 723 3 725 1 747 12 783 4 792 4 799 2 810 2 816 3 845 4 853 30 889 3 900 2 922 178 930 2 933 1 996 2 1002 4 1023 3 1037 36 1057 2 1073 4 1120 3 1124 1 1158 7 1161 27 1195 5 1217 4 1249 1 1262 20 1267 2 1283 4 1292 11 1296 4 1306 7 1311 2 1315 13 1325 8 1326 7 1332 2 1334 10 1361 8 1449 16 1484 4 1510 2 1529 3 1554 19 1557 10 1561 24 1578 4 1593 4 1603 2 1607 1 1649 32 1658 100 1669 7 1691 10 1704 3 1718 8 1729 7 1738 1 1762 1 1783 2 1802 18 1807 3 1808 2 1817 6 1820 1 1849 4 1853 21 1857 3 1875 4 1917 5 1926 2 1935 5 1955 1 1977 13 1987 22 1988 2 2007 3 2032 1 2096 8 2099 6 2109 5 2110 2 2114 2 2136 23 2140 5 2150 4 2164 1 2188 51 2205 4 2258 13 2259 10 2267 10 2269 4 2288 2 2289 1 2291 8 2292 11 2295 7 2301 3 2309 6 2313 2 2318 2 2326 1 2329 1 2331 1 2345 2 2373 1 2414 2 2418 20 2427 1 2434 4 2438 4 2455 6 2481 1 
59 25 4 55 5 59 13 103 1 209 6 235 3 247 12 275 8 285 1 320 2 344 4 420 3 429 1 432 4 461 2 588 4 611 2 632 2 700 2 729 2 731 1 839 12 857 3 860 1 899 30 900 3 947 10 995 5 1018 3 1021 1 1035 8 1133 4 1221 1 1253 7 1263 3 1312 1 1322 1 1382 16 1461 1 1474 31 1533 16 1589 1 1598 1 1622 4 1688 1 1691 3 1701 1 1760 1 2001 1 2034 1 2141 5 2151 8 2169 4 2236 5 2239 25 2263 1 2298 4 2343 8 2476 20 
10 138 11 567 27 760 5 925 1 1145 4 1650 1 1925 1 1929 9 2050 7 2069 2 
90 12 2 15 1 30 7 49 3 118 12 121 3 127 8 165 15 201 16 221 1 236 1 246 1 262 10 314 58 330 4 345 1 403 14 438 4 453 19 468 8 480 20 499 11 519 7 584 26 588 2 596 7 623 2 640 1 734 2 810 2 816 32 909 10 922 1 982 20 1002 2 1005 6 1084 2 1114 15 1116 1 1124 1 1137 18 1180 1 1228 1 1243 4 1249 10 1261 1 1291 1 1332 1 1352 1 1356 2 1358 4 1361 7 1397 2 1416 48 1455 12 1461 16 1507 1 1529 1 1530 1 1534 4 1554 25 1557 1 1579 6 1614 3 1631 3 1660 4 1663 7 1697 6 1704 1 1732 1 1783 3 1807 6 1810 1 1821 2 1822 3 1901 16 1987 9 2014 3 2025 6 2036 6 2045 4 2090 1 2100 2 2136 10 2280 42 2298 2 2332 3 2343 14 2415 28 2481 1 
84 37 1 39 1 74 1 102 3 104 4 151 11 188 3 212 5 230 6 240 17 241 8 281 10 282 1 316 1 327 1 329 12 400 20 426 6 431 5 452 18 464 3 473 20 496 9 545 1 578 4 590 4 629 4 631 1 653 11 724 23 753 2 782 3 785 1 822 5 830 2 876 1 942 1 959 3 985 24 1006 1 1101 2 1108 34 1122 2 1128 24 1153 3 1169 5 1194 111 1202 8 1227 3 1321 3 1339 3 1368 1 1399 1 1522 4 1568 4 1647 1 1746 1 1768 16 1786 12 1848 1 1850 6 1863 16 1865 12 1918 1 1972 75 1983 2 2003 8 2055 24 2070 8 2129 1 2161 11 2234 2 2248 2 2347 1 2349 3 2351 2 2376 8 2388 20 2393 2 2395 6 2401 3 2409 10 2442 17 2464 1 
25 48 4 71 38 147 1 246 1 275 4 396 3 461 1 563 1 611 6 774 1 1055 1 1199 8 1226 1 1253 5 1302 1 1388 2 1461 1 1810 1 1856 9 1869 2 1927 3 1973 1 2022 3 2151 8 2310 4 
1 361 1 
6 582 1 816 1 1296 1 1553 1 2078 1 2090 1 
4 1483 1 1716 1 2090 1 2329 1 
6 246 3 271 1 1380 19 1790 5 2196 79 2350 10 
474 1613
